512 512 32
528 512 32
544 512 32
560 512 32
576 512 32
592 512 32
608 512 32
624 512 32
640 512 32
656 512 32
672 512 32
688 512 32
704 512 32
720 512 32
736 512 32
752 512 32
768 512 32
784 512 32
800 512 32
816 512 32
832 512 32
848 512 32
864 512 32
880 512 32
896 512 32
912 512 32
928 512 32
944 512 32
960 512 32
976 512 32
992 512 32
1008 512 32
1024 512 32
1040 512 32
1056 512 32
1072 512 32
1088 512 32
1104 512 32
1120 512 32
1136 512 32
1152 512 32
1168 512 32
1184 512 32
1200 512 32
1216 512 32
1232 512 32
1248 512 32
1264 512 32
1280 512 32
1296 512 32
1312 512 32
1328 512 32
1344 512 32
1360 512 32
1376 512 32
1392 512 32
1408 512 32
1424 512 32
1440 512 32
1456 512 32
1472 512 32
1488 512 32
1504 512 32
1520 512 32
1536 512 32
1552 512 32
1568 512 32
1584 512 32
1600 512 32
1616 512 32
1632 512 32
1648 512 32
1664 512 32
1680 512 32
1696 512 32
1712 512 32
1728 512 32
1744 512 32
1760 512 32
1776 512 32
1792 512 32
512 528 32
528 528 32
544 528 32
560 528 32
576 528 32
592 528 32
608 528 32
624 528 32
640 528 32
656 528 32
672 528 32
688 528 32
704 528 32
720 528 32
736 528 32
752 528 32
768 528 32
784 528 32
800 528 32
816 528 32
832 528 32
848 528 32
864 528 32
880 528 32
896 528 32
912 528 32
928 528 32
944 528 32
960 528 32
976 528 32
992 528 32
1008 528 32
1024 528 32
1040 528 32
1056 528 32
1072 528 32
1088 528 32
1104 528 32
1120 528 32
1136 528 32
1152 528 32
1168 528 32
1184 528 32
1200 528 32
1216 528 32
1232 528 32
1248 528 32
1264 528 32
1280 528 32
1296 528 32
1312 528 32
1328 528 32
1344 528 32
1360 528 32
1376 528 32
1392 528 32
1408 528 32
1424 528 32
1440 528 32
1456 528 32
1472 528 32
1488 528 32
1504 528 32
1520 528 32
1536 528 32
1552 528 32
1568 528 32
1584 528 32
1600 528 32
1616 528 32
1632 528 32
1648 528 32
1664 528 32
1680 528 32
1696 528 32
1712 528 32
1728 528 32
1744 528 32
1760 528 32
1776 528 32
1792 528 32
512 544 32
528 544 32
544 544 32
560 544 32
576 544 32
592 544 32
608 544 32
624 544 32
640 544 32
656 544 32
672 544 32
688 544 32
704 544 32
720 544 32
736 544 32
752 544 32
768 544 32
784 544 32
800 544 32
816 544 32
832 544 32
848 544 32
864 544 32
880 544 32
896 544 32
912 544 32
928 544 32
944 544 32
960 544 32
976 544 32
992 544 32
1008 544 32
1024 544 32
1040 544 32
1056 544 32
1072 544 32
1088 544 32
1104 544 32
1120 544 32
1136 544 32
1152 544 32
1168 544 32
1184 544 32
1200 544 32
1216 544 32
1232 544 32
1248 544 32
1264 544 32
1280 544 32
1296 544 32
1312 544 32
1328 544 32
1344 544 32
1360 544 32
1376 544 32
1392 544 32
1408 544 32
1424 544 32
1440 544 32
1456 544 32
1472 544 32
1488 544 32
1504 544 32
1520 544 32
1536 544 32
1552 544 32
1568 544 32
1584 544 32
1600 544 32
1616 544 32
1632 544 32
1648 544 32
1664 544 32
1680 544 32
1696 544 32
1712 544 32
1728 544 32
1744 544 32
1760 544 32
1776 544 32
1792 544 32
512 560 32
528 560 32
544 560 32
560 560 32
576 560 32
592 560 32
608 560 32
624 560 32
640 560 32
656 560 32
672 560 32
688 560 32
704 560 32
720 560 32
736 560 32
752 560 32
768 560 32
784 560 32
800 560 32
816 560 32
832 560 32
848 560 32
864 560 32
880 560 32
896 560 32
912 560 32
928 560 32
944 560 32
960 560 32
976 560 32
992 560 32
1008 560 32
1024 560 32
1040 560 32
1056 560 32
1072 560 32
1088 560 32
1104 560 32
1120 560 32
1136 560 32
1152 560 32
1168 560 32
1184 560 32
1200 560 32
1216 560 32
1232 560 32
1248 560 32
1264 560 32
1280 560 32
1296 560 32
1312 560 32
1328 560 32
1344 560 32
1360 560 32
1376 560 32
1392 560 32
1408 560 32
1424 560 32
1440 560 32
1456 560 32
1472 560 32
1488 560 32
1504 560 32
1520 560 32
1536 560 32
1552 560 32
1568 560 32
1584 560 32
1600 560 32
1616 560 32
1632 560 32
1648 560 32
1664 560 32
1680 560 32
1696 560 32
1712 560 32
1728 560 32
1744 560 32
1760 560 32
1776 560 32
1792 560 32
512 576 32
528 576 32
544 576 32
560 576 32
576 576 32
592 576 32
608 576 32
624 576 32
640 576 32
656 576 32
672 576 32
688 576 32
704 576 32
720 576 32
736 576 32
752 576 32
768 576 32
784 576 32
800 576 32
816 576 32
832 576 32
848 576 32
864 576 32
880 576 32
896 576 32
912 576 32
928 576 32
944 576 32
960 576 32
976 576 32
992 576 32
1008 576 32
1024 576 32
1040 576 32
1056 576 32
1072 576 32
1088 576 32
1104 576 32
1120 576 32
1136 576 32
1152 576 32
1168 576 32
1184 576 32
1200 576 32
1216 576 32
1232 576 32
1248 576 32
1264 576 32
1280 576 32
1296 576 32
1312 576 32
1328 576 32
1344 576 32
1360 576 32
1376 576 32
1392 576 32
1408 576 32
1424 576 32
1440 576 32
1456 576 32
1472 576 32
1488 576 32
1504 576 32
1520 576 32
1536 576 32
1552 576 32
1568 576 32
1584 576 32
1600 576 32
1616 576 32
1632 576 32
1648 576 32
1664 576 32
1680 576 32
1696 576 32
1712 576 32
1728 576 32
1744 576 32
1760 576 32
1776 576 32
1792 576 32
512 592 32
528 592 32
544 592 32
560 592 32
576 592 32
592 592 32
608 592 32
624 592 32
640 592 32
656 592 32
672 592 32
688 592 32
704 592 32
720 592 32
736 592 32
752 592 32
768 592 32
784 592 32
800 592 32
816 592 32
832 592 32
848 592 32
864 592 32
880 592 32
896 592 32
912 592 32
928 592 32
944 592 32
960 592 32
976 592 32
992 592 32
1008 592 32
1024 592 32
1040 592 32
1056 592 32
1072 592 32
1088 592 32
1104 592 32
1120 592 32
1136 592 32
1152 592 32
1168 592 32
1184 592 32
1200 592 32
1216 592 32
1232 592 32
1248 592 32
1264 592 32
1280 592 32
1296 592 32
1312 592 32
1328 592 32
1344 592 32
1360 592 32
1376 592 32
1392 592 32
1408 592 32
1424 592 32
1440 592 32
1456 592 32
1472 592 32
1488 592 32
1504 592 32
1520 592 32
1536 592 32
1552 592 32
1568 592 32
1584 592 32
1600 592 32
1616 592 32
1632 592 32
1648 592 32
1664 592 32
1680 592 32
1696 592 32
1712 592 32
1728 592 32
1744 592 32
1760 592 32
1776 592 32
1792 592 32
512 608 32
528 608 32
544 608 32
560 608 32
576 608 32
592 608 32
608 608 32
624 608 32
640 608 32
656 608 32
672 608 32
688 608 32
704 608 32
720 608 32
736 608 32
752 608 32
768 608 32
784 608 32
800 608 32
816 608 32
832 608 32
848 608 32
864 608 32
880 608 32
896 608 32
912 608 32
928 608 32
944 608 32
960 608 32
976 608 32
992 608 32
1008 608 32
1024 608 32
1040 608 32
1056 608 32
1072 608 32
1088 608 32
1104 608 32
1120 608 32
1136 608 32
1152 608 32
1168 608 32
1184 608 32
1200 608 32
1216 608 32
1232 608 32
1248 608 32
1264 608 32
1280 608 32
1296 608 32
1312 608 32
1328 608 32
1344 608 32
1360 608 32
1376 608 32
1392 608 32
1408 608 32
1424 608 32
1440 608 32
1456 608 32
1472 608 32
1488 608 32
1504 608 32
1520 608 32
1536 608 32
1552 608 32
1568 608 32
1584 608 32
1600 608 32
1616 608 32
1632 608 32
1648 608 32
1664 608 32
1680 608 32
1696 608 32
1712 608 32
1728 608 32
1744 608 32
1760 608 32
1776 608 32
1792 608 32
512 624 32
528 624 32
544 624 32
560 624 32
576 624 32
592 624 32
608 624 32
624 624 32
640 624 32
656 624 32
672 624 32
688 624 32
704 624 32
720 624 32
736 624 32
752 624 32
768 624 32
784 624 32
800 624 32
816 624 32
832 624 32
848 624 32
864 624 32
880 624 32
896 624 32
912 624 32
928 624 32
944 624 32
960 624 32
976 624 32
992 624 32
1008 624 32
1024 624 32
1040 624 32
1056 624 32
1072 624 32
1088 624 32
1104 624 32
1120 624 32
1136 624 32
1152 624 32
1168 624 32
1184 624 32
1200 624 32
1216 624 32
1232 624 32
1248 624 32
1264 624 32
1280 624 32
1296 624 32
1312 624 32
1328 624 32
1344 624 32
1360 624 32
1376 624 32
1392 624 32
1408 624 32
1424 624 32
1440 624 32
1456 624 32
1472 624 32
1488 624 32
1504 624 32
1520 624 32
1536 624 32
1552 624 32
1568 624 32
1584 624 32
1600 624 32
1616 624 32
1632 624 32
1648 624 32
1664 624 32
1680 624 32
1696 624 32
1712 624 32
1728 624 32
1744 624 32
1760 624 32
1776 624 32
1792 624 32
512 640 32
528 640 32
544 640 32
560 640 32
576 640 32
592 640 32
608 640 32
624 640 32
640 640 32
656 640 32
672 640 32
688 640 32
704 640 32
720 640 32
736 640 32
752 640 32
768 640 32
784 640 32
800 640 32
816 640 32
832 640 32
848 640 32
864 640 32
880 640 32
896 640 32
912 640 32
928 640 32
944 640 32
960 640 32
976 640 32
992 640 32
1008 640 32
1024 640 32
1040 640 32
1056 640 32
1072 640 32
1088 640 32
1104 640 32
1120 640 32
1136 640 32
1152 640 32
1168 640 32
1184 640 32
1200 640 32
1216 640 32
1232 640 32
1248 640 32
1264 640 32
1280 640 32
1296 640 32
1312 640 32
1328 640 32
1344 640 32
1360 640 32
1376 640 32
1392 640 32
1408 640 32
1424 640 32
1440 640 32
1456 640 32
1472 640 32
1488 640 32
1504 640 32
1520 640 32
1536 640 32
1552 640 32
1568 640 32
1584 640 32
1600 640 32
1616 640 32
1632 640 32
1648 640 32
1664 640 32
1680 640 32
1696 640 32
1712 640 32
1728 640 32
1744 640 32
1760 640 32
1776 640 32
1792 640 32
512 656 32
528 656 32
544 656 32
560 656 32
576 656 32
592 656 32
608 656 32
624 656 32
640 656 32
656 656 32
672 656 32
688 656 32
704 656 32
720 656 32
736 656 32
752 656 32
768 656 32
784 656 32
800 656 32
816 656 32
832 656 32
848 656 32
864 656 32
880 656 32
896 656 32
912 656 32
928 656 32
944 656 32
960 656 32
976 656 32
992 656 32
1008 656 32
1024 656 32
1040 656 32
1056 656 32
1072 656 32
1088 656 32
1104 656 32
1120 656 32
1136 656 32
1152 656 32
1168 656 32
1184 656 32
1200 656 32
1216 656 32
1232 656 32
1248 656 32
1264 656 32
1280 656 32
1296 656 32
1312 656 32
1328 656 32
1344 656 32
1360 656 32
1376 656 32
1392 656 32
1408 656 32
1424 656 32
1440 656 32
1456 656 32
1472 656 32
1488 656 32
1504 656 32
1520 656 32
1536 656 32
1552 656 32
1568 656 32
1584 656 32
1600 656 32
1616 656 32
1632 656 32
1648 656 32
1664 656 32
1680 656 32
1696 656 32
1712 656 32
1728 656 32
1744 656 32
1760 656 32
1776 656 32
1792 656 32
512 672 32
528 672 32
544 672 32
560 672 32
576 672 32
592 672 32
608 672 32
624 672 32
640 672 32
656 672 32
672 672 32
688 672 32
704 672 32
720 672 32
736 672 32
752 672 32
768 672 32
784 672 32
800 672 32
816 672 32
832 672 32
848 672 32
864 672 32
880 672 32
896 672 32
912 672 32
928 672 32
944 672 32
960 672 32
976 672 32
992 672 32
1008 672 32
1024 672 32
1040 672 32
1056 672 32
1072 672 32
1088 672 32
1104 672 32
1120 672 32
1136 672 32
1152 672 32
1168 672 32
1184 672 32
1200 672 32
1216 672 32
1232 672 32
1248 672 32
1264 672 32
1280 672 32
1296 672 32
1312 672 32
1328 672 32
1344 672 32
1360 672 32
1376 672 32
1392 672 32
1408 672 32
1424 672 32
1440 672 32
1456 672 32
1472 672 32
1488 672 32
1504 672 32
1520 672 32
1536 672 32
1552 672 32
1568 672 32
1584 672 32
1600 672 32
1616 672 32
1632 672 32
1648 672 32
1664 672 32
1680 672 32
1696 672 32
1712 672 32
1728 672 32
1744 672 32
1760 672 32
1776 672 32
1792 672 32
512 688 32
528 688 32
544 688 32
560 688 32
576 688 32
592 688 32
608 688 32
624 688 32
640 688 32
656 688 32
672 688 32
688 688 32
704 688 32
720 688 32
736 688 32
752 688 32
768 688 32
784 688 32
800 688 32
816 688 32
832 688 32
848 688 32
864 688 32
880 688 32
896 688 32
912 688 32
928 688 32
944 688 32
960 688 32
976 688 32
992 688 32
1008 688 32
1024 688 32
1040 688 32
1056 688 32
1072 688 32
1088 688 32
1104 688 32
1120 688 32
1136 688 32
1152 688 32
1168 688 32
1184 688 32
1200 688 32
1216 688 32
1232 688 32
1248 688 32
1264 688 32
1280 688 32
1296 688 32
1312 688 32
1328 688 32
1344 688 32
1360 688 32
1376 688 32
1392 688 32
1408 688 32
1424 688 32
1440 688 32
1456 688 32
1472 688 32
1488 688 32
1504 688 32
1520 688 32
1536 688 32
1552 688 32
1568 688 32
1584 688 32
1600 688 32
1616 688 32
1632 688 32
1648 688 32
1664 688 32
1680 688 32
1696 688 32
1712 688 32
1728 688 32
1744 688 32
1760 688 32
1776 688 32
1792 688 32
512 704 32
528 704 32
544 704 32
560 704 32
576 704 32
592 704 32
608 704 32
624 704 32
640 704 32
656 704 32
672 704 32
688 704 32
704 704 32
720 704 32
736 704 32
752 704 32
768 704 32
784 704 32
800 704 32
816 704 32
832 704 32
848 704 32
864 704 32
880 704 32
896 704 32
912 704 32
928 704 32
944 704 32
960 704 32
976 704 32
992 704 32
1008 704 32
1024 704 32
1040 704 32
1056 704 32
1072 704 32
1088 704 32
1104 704 32
1120 704 32
1136 704 32
1152 704 32
1168 704 32
1184 704 32
1200 704 32
1216 704 32
1232 704 32
1248 704 32
1264 704 32
1280 704 32
1296 704 32
1312 704 32
1328 704 32
1344 704 32
1360 704 32
1376 704 32
1392 704 32
1408 704 32
1424 704 32
1440 704 32
1456 704 32
1472 704 32
1488 704 32
1504 704 32
1520 704 32
1536 704 32
1552 704 32
1568 704 32
1584 704 32
1600 704 32
1616 704 32
1632 704 32
1648 704 32
1664 704 32
1680 704 32
1696 704 32
1712 704 32
1728 704 32
1744 704 32
1760 704 32
1776 704 32
1792 704 32
512 720 32
528 720 32
544 720 32
560 720 32
576 720 32
592 720 32
608 720 32
624 720 32
640 720 32
656 720 32
672 720 32
688 720 32
704 720 32
720 720 32
736 720 32
752 720 32
768 720 32
784 720 32
800 720 32
816 720 32
832 720 32
848 720 32
864 720 32
880 720 32
896 720 32
912 720 32
928 720 32
944 720 32
960 720 32
976 720 32
992 720 32
1008 720 32
1024 720 32
1040 720 32
1056 720 32
1072 720 32
1088 720 32
1104 720 32
1120 720 32
1136 720 32
1152 720 32
1168 720 32
1184 720 32
1200 720 32
1216 720 32
1232 720 32
1248 720 32
1264 720 32
1280 720 32
1296 720 32
1312 720 32
1328 720 32
1344 720 32
1360 720 32
1376 720 32
1392 720 32
1408 720 32
1424 720 32
1440 720 32
1456 720 32
1472 720 32
1488 720 32
1504 720 32
1520 720 32
1536 720 32
1552 720 32
1568 720 32
1584 720 32
1600 720 32
1616 720 32
1632 720 32
1648 720 32
1664 720 32
1680 720 32
1696 720 32
1712 720 32
1728 720 32
1744 720 32
1760 720 32
1776 720 32
1792 720 32
512 736 32
528 736 32
544 736 32
560 736 32
576 736 32
592 736 32
608 736 32
624 736 32
640 736 32
656 736 32
672 736 32
688 736 32
704 736 32
720 736 32
736 736 32
752 736 32
768 736 32
784 736 32
800 736 32
816 736 32
832 736 32
848 736 32
864 736 32
880 736 32
896 736 32
912 736 32
928 736 32
944 736 32
960 736 32
976 736 32
992 736 32
1008 736 32
1024 736 32
1040 736 32
1056 736 32
1072 736 32
1088 736 32
1104 736 32
1120 736 32
1136 736 32
1152 736 32
1168 736 32
1184 736 32
1200 736 32
1216 736 32
1232 736 32
1248 736 32
1264 736 32
1280 736 32
1296 736 32
1312 736 32
1328 736 32
1344 736 32
1360 736 32
1376 736 32
1392 736 32
1408 736 32
1424 736 32
1440 736 32
1456 736 32
1472 736 32
1488 736 32
1504 736 32
1520 736 32
1536 736 32
1552 736 32
1568 736 32
1584 736 32
1600 736 32
1616 736 32
1632 736 32
1648 736 32
1664 736 32
1680 736 32
1696 736 32
1712 736 32
1728 736 32
1744 736 32
1760 736 32
1776 736 32
1792 736 32
512 752 32
528 752 32
544 752 32
560 752 32
576 752 32
592 752 32
608 752 32
624 752 32
640 752 32
656 752 32
672 752 32
688 752 32
704 752 32
720 752 32
736 752 32
752 752 32
768 752 32
784 752 32
800 752 32
816 752 32
832 752 32
848 752 32
864 752 32
880 752 32
896 752 32
912 752 32
928 752 32
944 752 32
960 752 32
976 752 32
992 752 32
1008 752 32
1024 752 32
1040 752 32
1056 752 32
1072 752 32
1088 752 32
1104 752 32
1120 752 32
1136 752 32
1152 752 32
1168 752 32
1184 752 32
1200 752 32
1216 752 32
1232 752 32
1248 752 32
1264 752 32
1280 752 32
1296 752 32
1312 752 32
1328 752 32
1344 752 32
1360 752 32
1376 752 32
1392 752 32
1408 752 32
1424 752 32
1440 752 32
1456 752 32
1472 752 32
1488 752 32
1504 752 32
1520 752 32
1536 752 32
1552 752 32
1568 752 32
1584 752 32
1600 752 32
1616 752 32
1632 752 32
1648 752 32
1664 752 32
1680 752 32
1696 752 32
1712 752 32
1728 752 32
1744 752 32
1760 752 32
1776 752 32
1792 752 32
512 768 32
528 768 32
544 768 32
560 768 32
576 768 32
592 768 32
608 768 32
624 768 32
640 768 32
656 768 32
672 768 32
688 768 32
704 768 32
720 768 32
736 768 32
752 768 32
768 768 32
784 768 32
800 768 32
816 768 32
832 768 32
848 768 32
864 768 32
880 768 32
896 768 32
912 768 32
928 768 32
944 768 32
960 768 32
976 768 32
992 768 32
1008 768 32
1024 768 32
1040 768 32
1056 768 32
1072 768 32
1088 768 32
1104 768 32
1120 768 32
1136 768 32
1152 768 32
1168 768 32
1184 768 32
1200 768 32
1216 768 32
1232 768 32
1248 768 32
1264 768 32
1280 768 32
1296 768 32
1312 768 32
1328 768 32
1344 768 32
1360 768 32
1376 768 32
1392 768 32
1408 768 32
1424 768 32
1440 768 32
1456 768 32
1472 768 32
1488 768 32
1504 768 32
1520 768 32
1536 768 32
1552 768 32
1568 768 32
1584 768 32
1600 768 32
1616 768 32
1632 768 32
1648 768 32
1664 768 32
1680 768 32
1696 768 32
1712 768 32
1728 768 32
1744 768 32
1760 768 32
1776 768 32
1792 768 32
512 784 32
528 784 32
544 784 32
560 784 32
576 784 32
592 784 32
608 784 32
624 784 32
640 784 32
656 784 32
672 784 32
688 784 32
704 784 32
720 784 32
736 784 32
752 784 32
768 784 32
784 784 32
800 784 32
816 784 32
832 784 32
848 784 32
864 784 32
880 784 32
896 784 32
912 784 32
928 784 32
944 784 32
960 784 32
976 784 32
992 784 32
1008 784 32
1024 784 32
1040 784 32
1056 784 32
1072 784 32
1088 784 32
1104 784 32
1120 784 32
1136 784 32
1152 784 32
1168 784 32
1184 784 32
1200 784 32
1216 784 32
1232 784 32
1248 784 32
1264 784 32
1280 784 32
1296 784 32
1312 784 32
1328 784 32
1344 784 32
1360 784 32
1376 784 32
1392 784 32
1408 784 32
1424 784 32
1440 784 32
1456 784 32
1472 784 32
1488 784 32
1504 784 32
1520 784 32
1536 784 32
1552 784 32
1568 784 32
1584 784 32
1600 784 32
1616 784 32
1632 784 32
1648 784 32
1664 784 32
1680 784 32
1696 784 32
1712 784 32
1728 784 32
1744 784 32
1760 784 32
1776 784 32
1792 784 32
512 800 32
528 800 32
544 800 32
560 800 32
576 800 32
592 800 32
608 800 32
624 800 32
640 800 32
656 800 32
672 800 32
688 800 32
704 800 32
720 800 32
736 800 32
752 800 32
768 800 32
784 800 32
800 800 32
816 800 32
832 800 32
848 800 32
864 800 32
880 800 32
896 800 32
912 800 32
928 800 32
944 800 32
960 800 32
976 800 32
992 800 32
1008 800 32
1024 800 32
1040 800 32
1056 800 32
1072 800 32
1088 800 32
1104 800 32
1120 800 32
1136 800 32
1152 800 32
1168 800 32
1184 800 32
1200 800 32
1216 800 32
1232 800 32
1248 800 32
1264 800 32
1280 800 32
1296 800 32
1312 800 32
1328 800 32
1344 800 32
1360 800 32
1376 800 32
1392 800 32
1408 800 32
1424 800 32
1440 800 32
1456 800 32
1472 800 32
1488 800 32
1504 800 32
1520 800 32
1536 800 32
1552 800 32
1568 800 32
1584 800 32
1600 800 32
1616 800 32
1632 800 32
1648 800 32
1664 800 32
1680 800 32
1696 800 32
1712 800 32
1728 800 32
1744 800 32
1760 800 32
1776 800 32
1792 800 32
512 816 32
528 816 32
544 816 32
560 816 32
576 816 32
592 816 32
608 816 32
624 816 32
640 816 32
656 816 32
672 816 32
688 816 32
704 816 32
720 816 32
736 816 32
752 816 32
768 816 32
784 816 32
800 816 32
816 816 32
832 816 32
848 816 32
864 816 32
880 816 32
896 816 32
912 816 32
928 816 32
944 816 32
960 816 32
976 816 32
992 816 32
1008 816 32
1024 816 32
1040 816 32
1056 816 32
1072 816 32
1088 816 32
1104 816 32
1120 816 32
1136 816 32
1152 816 32
1168 816 32
1184 816 32
1200 816 32
1216 816 32
1232 816 32
1248 816 32
1264 816 32
1280 816 32
1296 816 32
1312 816 32
1328 816 32
1344 816 32
1360 816 32
1376 816 32
1392 816 32
1408 816 32
1424 816 32
1440 816 32
1456 816 32
1472 816 32
1488 816 32
1504 816 32
1520 816 32
1536 816 32
1552 816 32
1568 816 32
1584 816 32
1600 816 32
1616 816 32
1632 816 32
1648 816 32
1664 816 32
1680 816 32
1696 816 32
1712 816 32
1728 816 32
1744 816 32
1760 816 32
1776 816 32
1792 816 32
512 832 32
528 832 32
544 832 32
560 832 32
576 832 32
592 832 32
608 832 32
624 832 32
640 832 32
656 832 32
672 832 32
688 832 32
704 832 32
720 832 32
736 832 32
752 832 32
768 832 32
784 832 32
800 832 32
816 832 32
832 832 32
848 832 32
864 832 32
880 832 32
896 832 32
912 832 32
928 832 32
944 832 32
960 832 32
976 832 32
992 832 32
1008 832 32
1024 832 32
1040 832 32
1056 832 32
1072 832 32
1088 832 32
1104 832 32
1120 832 32
1136 832 32
1152 832 32
1168 832 32
1184 832 32
1200 832 32
1216 832 32
1232 832 32
1248 832 32
1264 832 32
1280 832 32
1296 832 32
1312 832 32
1328 832 32
1344 832 32
1360 832 32
1376 832 32
1392 832 32
1408 832 32
1424 832 32
1440 832 32
1456 832 32
1472 832 32
1488 832 32
1504 832 32
1520 832 32
1536 832 32
1552 832 32
1568 832 32
1584 832 32
1600 832 32
1616 832 32
1632 832 32
1648 832 32
1664 832 32
1680 832 32
1696 832 32
1712 832 32
1728 832 32
1744 832 32
1760 832 32
1776 832 32
1792 832 32
512 848 32
528 848 32
544 848 32
560 848 32
576 848 32
592 848 32
608 848 32
624 848 32
640 848 32
656 848 32
672 848 32
688 848 32
704 848 32
720 848 32
736 848 32
752 848 32
768 848 32
784 848 32
800 848 32
816 848 32
832 848 32
848 848 32
864 848 32
880 848 32
896 848 32
912 848 32
928 848 32
944 848 32
960 848 32
976 848 32
992 848 32
1008 848 32
1024 848 32
1040 848 32
1056 848 32
1072 848 32
1088 848 32
1104 848 32
1120 848 32
1136 848 32
1152 848 32
1168 848 32
1184 848 32
1200 848 32
1216 848 32
1232 848 32
1248 848 32
1264 848 32
1280 848 32
1296 848 32
1312 848 32
1328 848 32
1344 848 32
1360 848 32
1376 848 32
1392 848 32
1408 848 32
1424 848 32
1440 848 32
1456 848 32
1472 848 32
1488 848 32
1504 848 32
1520 848 32
1536 848 32
1552 848 32
1568 848 32
1584 848 32
1600 848 32
1616 848 32
1632 848 32
1648 848 32
1664 848 32
1680 848 32
1696 848 32
1712 848 32
1728 848 32
1744 848 32
1760 848 32
1776 848 32
1792 848 32
512 864 32
528 864 32
544 864 32
560 864 32
576 864 32
592 864 32
608 864 32
624 864 32
640 864 32
656 864 32
672 864 32
688 864 32
704 864 32
720 864 32
736 864 32
752 864 32
768 864 32
784 864 32
800 864 32
816 864 32
832 864 32
848 864 32
864 864 32
880 864 32
896 864 32
912 864 32
928 864 32
944 864 32
960 864 32
976 864 32
992 864 32
1008 864 32
1024 864 32
1040 864 32
1056 864 32
1072 864 32
1088 864 32
1104 864 32
1120 864 32
1136 864 32
1152 864 32
1168 864 32
1184 864 32
1200 864 32
1216 864 32
1232 864 32
1248 864 32
1264 864 32
1280 864 32
1296 864 32
1312 864 32
1328 864 32
1344 864 32
1360 864 32
1376 864 32
1392 864 32
1408 864 32
1424 864 32
1440 864 32
1456 864 32
1472 864 32
1488 864 32
1504 864 32
1520 864 32
1536 864 32
1552 864 32
1568 864 32
1584 864 32
1600 864 32
1616 864 32
1632 864 32
1648 864 32
1664 864 32
1680 864 32
1696 864 32
1712 864 32
1728 864 32
1744 864 32
1760 864 32
1776 864 32
1792 864 32
512 880 32
528 880 32
544 880 32
560 880 32
576 880 32
592 880 32
608 880 32
624 880 32
640 880 32
656 880 32
672 880 32
688 880 32
704 880 32
720 880 32
736 880 32
752 880 32
768 880 32
784 880 32
800 880 32
816 880 32
832 880 32
848 880 32
864 880 32
880 880 32
896 880 32
912 880 32
928 880 32
944 880 32
960 880 32
976 880 32
992 880 32
1008 880 32
1024 880 32
1040 880 32
1056 880 32
1072 880 32
1088 880 32
1104 880 32
1120 880 32
1136 880 32
1152 880 32
1168 880 32
1184 880 32
1200 880 32
1216 880 32
1232 880 32
1248 880 32
1264 880 32
1280 880 32
1296 880 32
1312 880 32
1328 880 32
1344 880 32
1360 880 32
1376 880 32
1392 880 32
1408 880 32
1424 880 32
1440 880 32
1456 880 32
1472 880 32
1488 880 32
1504 880 32
1520 880 32
1536 880 32
1552 880 32
1568 880 32
1584 880 32
1600 880 32
1616 880 32
1632 880 32
1648 880 32
1664 880 32
1680 880 32
1696 880 32
1712 880 32
1728 880 32
1744 880 32
1760 880 32
1776 880 32
1792 880 32
512 896 32
528 896 32
544 896 32
560 896 32
576 896 32
592 896 32
608 896 32
624 896 32
640 896 32
656 896 32
672 896 32
688 896 32
704 896 32
720 896 32
736 896 32
752 896 32
768 896 32
784 896 32
800 896 32
816 896 32
832 896 32
848 896 32
864 896 32
880 896 32
896 896 32
912 896 32
928 896 32
944 896 32
960 896 32
976 896 32
992 896 32
1008 896 32
1024 896 32
1040 896 32
1056 896 32
1072 896 32
1088 896 32
1104 896 32
1120 896 32
1136 896 32
1152 896 32
1168 896 32
1184 896 32
1200 896 32
1216 896 32
1232 896 32
1248 896 32
1264 896 32
1280 896 32
1296 896 32
1312 896 32
1328 896 32
1344 896 32
1360 896 32
1376 896 32
1392 896 32
1408 896 32
1424 896 32
1440 896 32
1456 896 32
1472 896 32
1488 896 32
1504 896 32
1520 896 32
1536 896 32
1552 896 32
1568 896 32
1584 896 32
1600 896 32
1616 896 32
1632 896 32
1648 896 32
1664 896 32
1680 896 32
1696 896 32
1712 896 32
1728 896 32
1744 896 32
1760 896 32
1776 896 32
1792 896 32
512 912 32
528 912 32
544 912 32
560 912 32
576 912 32
592 912 32
608 912 32
624 912 32
640 912 32
656 912 32
672 912 32
688 912 32
704 912 32
720 912 32
736 912 32
752 912 32
768 912 32
784 912 32
800 912 32
816 912 32
832 912 32
848 912 32
864 912 32
880 912 32
896 912 32
912 912 32
928 912 32
944 912 32
960 912 32
976 912 32
992 912 32
1008 912 32
1024 912 32
1040 912 32
1056 912 32
1072 912 32
1088 912 32
1104 912 32
1120 912 32
1136 912 32
1152 912 32
1168 912 32
1184 912 32
1200 912 32
1216 912 32
1232 912 32
1248 912 32
1264 912 32
1280 912 32
1296 912 32
1312 912 32
1328 912 32
1344 912 32
1360 912 32
1376 912 32
1392 912 32
1408 912 32
1424 912 32
1440 912 32
1456 912 32
1472 912 32
1488 912 32
1504 912 32
1520 912 32
1536 912 32
1552 912 32
1568 912 32
1584 912 32
1600 912 32
1616 912 32
1632 912 32
1648 912 32
1664 912 32
1680 912 32
1696 912 32
1712 912 32
1728 912 32
1744 912 32
1760 912 32
1776 912 32
1792 912 32
512 928 32
528 928 32
544 928 32
560 928 32
576 928 32
592 928 32
608 928 32
624 928 32
640 928 32
656 928 32
672 928 32
688 928 32
704 928 32
720 928 32
736 928 32
752 928 32
768 928 32
784 928 32
800 928 32
816 928 32
832 928 32
848 928 32
864 928 32
880 928 32
896 928 32
912 928 32
928 928 32
944 928 32
960 928 32
976 928 32
992 928 32
1008 928 32
1024 928 32
1040 928 32
1056 928 32
1072 928 32
1088 928 32
1104 928 32
1120 928 32
1136 928 32
1152 928 32
1168 928 32
1184 928 32
1200 928 32
1216 928 32
1232 928 32
1248 928 32
1264 928 32
1280 928 32
1296 928 32
1312 928 32
1328 928 32
1344 928 32
1360 928 32
1376 928 32
1392 928 32
1408 928 32
1424 928 32
1440 928 32
1456 928 32
1472 928 32
1488 928 32
1504 928 32
1520 928 32
1536 928 32
1552 928 32
1568 928 32
1584 928 32
1600 928 32
1616 928 32
1632 928 32
1648 928 32
1664 928 32
1680 928 32
1696 928 32
1712 928 32
1728 928 32
1744 928 32
1760 928 32
1776 928 32
1792 928 32
512 944 32
528 944 32
544 944 32
560 944 32
576 944 32
592 944 32
608 944 32
624 944 32
640 944 32
656 944 32
672 944 32
688 944 32
704 944 32
720 944 32
736 944 32
752 944 32
768 944 32
784 944 32
800 944 32
816 944 32
832 944 32
848 944 32
864 944 32
880 944 32
896 944 32
912 944 32
928 944 32
944 944 32
960 944 32
976 944 32
992 944 32
1008 944 32
1024 944 32
1040 944 32
1056 944 32
1072 944 32
1088 944 32
1104 944 32
1120 944 32
1136 944 32
1152 944 32
1168 944 32
1184 944 32
1200 944 32
1216 944 32
1232 944 32
1248 944 32
1264 944 32
1280 944 32
1296 944 32
1312 944 32
1328 944 32
1344 944 32
1360 944 32
1376 944 32
1392 944 32
1408 944 32
1424 944 32
1440 944 32
1456 944 32
1472 944 32
1488 944 32
1504 944 32
1520 944 32
1536 944 32
1552 944 32
1568 944 32
1584 944 32
1600 944 32
1616 944 32
1632 944 32
1648 944 32
1664 944 32
1680 944 32
1696 944 32
1712 944 32
1728 944 32
1744 944 32
1760 944 32
1776 944 32
1792 944 32
512 960 32
528 960 32
544 960 32
560 960 32
576 960 32
592 960 32
608 960 32
624 960 32
640 960 32
656 960 32
672 960 32
688 960 32
704 960 32
720 960 32
736 960 32
752 960 32
768 960 32
784 960 32
800 960 32
816 960 32
832 960 32
848 960 32
864 960 32
880 960 32
896 960 32
912 960 32
928 960 32
944 960 32
960 960 32
976 960 32
992 960 32
1008 960 32
1024 960 32
1040 960 32
1056 960 32
1072 960 32
1088 960 32
1104 960 32
1120 960 32
1136 960 32
1152 960 32
1168 960 32
1184 960 32
1200 960 32
1216 960 32
1232 960 32
1248 960 32
1264 960 32
1280 960 32
1296 960 32
1312 960 32
1328 960 32
1344 960 32
1360 960 32
1376 960 32
1392 960 32
1408 960 32
1424 960 32
1440 960 32
1456 960 32
1472 960 32
1488 960 32
1504 960 32
1520 960 32
1536 960 32
1552 960 32
1568 960 32
1584 960 32
1600 960 32
1616 960 32
1632 960 32
1648 960 32
1664 960 32
1680 960 32
1696 960 32
1712 960 32
1728 960 32
1744 960 32
1760 960 32
1776 960 32
1792 960 32
512 976 32
528 976 32
544 976 32
560 976 32
576 976 32
592 976 32
608 976 32
624 976 32
640 976 32
656 976 32
672 976 32
688 976 32
704 976 32
720 976 32
736 976 32
752 976 32
768 976 32
784 976 32
800 976 32
816 976 32
832 976 32
848 976 32
864 976 32
880 976 32
896 976 32
912 976 32
928 976 32
944 976 32
960 976 32
976 976 32
992 976 32
1008 976 32
1024 976 32
1040 976 32
1056 976 32
1072 976 32
1088 976 32
1104 976 32
1120 976 32
1136 976 32
1152 976 32
1168 976 32
1184 976 32
1200 976 32
1216 976 32
1232 976 32
1248 976 32
1264 976 32
1280 976 32
1296 976 32
1312 976 32
1328 976 32
1344 976 32
1360 976 32
1376 976 32
1392 976 32
1408 976 32
1424 976 32
1440 976 32
1456 976 32
1472 976 32
1488 976 32
1504 976 32
1520 976 32
1536 976 32
1552 976 32
1568 976 32
1584 976 32
1600 976 32
1616 976 32
1632 976 32
1648 976 32
1664 976 32
1680 976 32
1696 976 32
1712 976 32
1728 976 32
1744 976 32
1760 976 32
1776 976 32
1792 976 32
512 992 32
528 992 32
544 992 32
560 992 32
576 992 32
592 992 32
608 992 32
624 992 32
640 992 32
656 992 32
672 992 32
688 992 32
704 992 32
720 992 32
736 992 32
752 992 32
768 992 32
784 992 32
800 992 32
816 992 32
832 992 32
848 992 32
864 992 32
880 992 32
896 992 32
912 992 32
928 992 32
944 992 32
960 992 32
976 992 32
992 992 32
1008 992 32
1024 992 32
1040 992 32
1056 992 32
1072 992 32
1088 992 32
1104 992 32
1120 992 32
1136 992 32
1152 992 32
1168 992 32
1184 992 32
1200 992 32
1216 992 32
1232 992 32
1248 992 32
1264 992 32
1280 992 32
1296 992 32
1312 992 32
1328 992 32
1344 992 32
1360 992 32
1376 992 32
1392 992 32
1408 992 32
1424 992 32
1440 992 32
1456 992 32
1472 992 32
1488 992 32
1504 992 32
1520 992 32
1536 992 32
1552 992 32
1568 992 32
1584 992 32
1600 992 32
1616 992 32
1632 992 32
1648 992 32
1664 992 32
1680 992 32
1696 992 32
1712 992 32
1728 992 32
1744 992 32
1760 992 32
1776 992 32
1792 992 32
512 1008 32
528 1008 32
544 1008 32
560 1008 32
576 1008 32
592 1008 32
608 1008 32
624 1008 32
640 1008 32
656 1008 32
672 1008 32
688 1008 32
704 1008 32
720 1008 32
736 1008 32
752 1008 32
768 1008 32
784 1008 32
800 1008 32
816 1008 32
832 1008 32
848 1008 32
864 1008 32
880 1008 32
896 1008 32
912 1008 32
928 1008 32
944 1008 32
960 1008 32
976 1008 32
992 1008 32
1008 1008 32
1024 1008 32
1040 1008 32
1056 1008 32
1072 1008 32
1088 1008 32
1104 1008 32
1120 1008 32
1136 1008 32
1152 1008 32
1168 1008 32
1184 1008 32
1200 1008 32
1216 1008 32
1232 1008 32
1248 1008 32
1264 1008 32
1280 1008 32
1296 1008 32
1312 1008 32
1328 1008 32
1344 1008 32
1360 1008 32
1376 1008 32
1392 1008 32
1408 1008 32
1424 1008 32
1440 1008 32
1456 1008 32
1472 1008 32
1488 1008 32
1504 1008 32
1520 1008 32
1536 1008 32
1552 1008 32
1568 1008 32
1584 1008 32
1600 1008 32
1616 1008 32
1632 1008 32
1648 1008 32
1664 1008 32
1680 1008 32
1696 1008 32
1712 1008 32
1728 1008 32
1744 1008 32
1760 1008 32
1776 1008 32
1792 1008 32
512 1024 32
528 1024 32
544 1024 32
560 1024 32
576 1024 32
592 1024 32
608 1024 32
624 1024 32
640 1024 32
656 1024 32
672 1024 32
688 1024 32
704 1024 32
720 1024 32
736 1024 32
752 1024 32
768 1024 32
784 1024 32
800 1024 32
816 1024 32
832 1024 32
848 1024 32
864 1024 32
880 1024 32
896 1024 32
912 1024 32
928 1024 32
944 1024 32
960 1024 32
976 1024 32
992 1024 32
1008 1024 32
1024 1024 32
1040 1024 32
1056 1024 32
1072 1024 32
1088 1024 32
1104 1024 32
1120 1024 32
1136 1024 32
1152 1024 32
1168 1024 32
1184 1024 32
1200 1024 32
1216 1024 32
1232 1024 32
1248 1024 32
1264 1024 32
1280 1024 32
1296 1024 32
1312 1024 32
1328 1024 32
1344 1024 32
1360 1024 32
1376 1024 32
1392 1024 32
1408 1024 32
1424 1024 32
1440 1024 32
1456 1024 32
1472 1024 32
1488 1024 32
1504 1024 32
1520 1024 32
1536 1024 32
1552 1024 32
1568 1024 32
1584 1024 32
1600 1024 32
1616 1024 32
1632 1024 32
1648 1024 32
1664 1024 32
1680 1024 32
1696 1024 32
1712 1024 32
1728 1024 32
1744 1024 32
1760 1024 32
1776 1024 32
1792 1024 32
512 1040 32
528 1040 32
544 1040 32
560 1040 32
576 1040 32
592 1040 32
608 1040 32
624 1040 32
640 1040 32
656 1040 32
672 1040 32
688 1040 32
704 1040 32
720 1040 32
736 1040 32
752 1040 32
768 1040 32
784 1040 32
800 1040 32
816 1040 32
832 1040 32
848 1040 32
864 1040 32
880 1040 32
896 1040 32
912 1040 32
928 1040 32
944 1040 32
960 1040 32
976 1040 32
992 1040 32
1008 1040 32
1024 1040 32
1040 1040 32
1056 1040 32
1072 1040 32
1088 1040 32
1104 1040 32
1120 1040 32
1136 1040 32
1152 1040 32
1168 1040 32
1184 1040 32
1200 1040 32
1216 1040 32
1232 1040 32
1248 1040 32
1264 1040 32
1280 1040 32
1296 1040 32
1312 1040 32
1328 1040 32
1344 1040 32
1360 1040 32
1376 1040 32
1392 1040 32
1408 1040 32
1424 1040 32
1440 1040 32
1456 1040 32
1472 1040 32
1488 1040 32
1504 1040 32
1520 1040 32
1536 1040 32
1552 1040 32
1568 1040 32
1584 1040 32
1600 1040 32
1616 1040 32
1632 1040 32
1648 1040 32
1664 1040 32
1680 1040 32
1696 1040 32
1712 1040 32
1728 1040 32
1744 1040 32
1760 1040 32
1776 1040 32
1792 1040 32
512 1056 32
528 1056 32
544 1056 32
560 1056 32
576 1056 32
592 1056 32
608 1056 32
624 1056 32
640 1056 32
656 1056 32
672 1056 32
688 1056 32
704 1056 32
720 1056 32
736 1056 32
752 1056 32
768 1056 32
784 1056 32
800 1056 32
816 1056 32
832 1056 32
848 1056 32
864 1056 32
880 1056 32
896 1056 32
912 1056 32
928 1056 32
944 1056 32
960 1056 32
976 1056 32
992 1056 32
1008 1056 32
1024 1056 32
1040 1056 32
1056 1056 32
1072 1056 32
1088 1056 32
1104 1056 32
1120 1056 32
1136 1056 32
1152 1056 32
1168 1056 32
1184 1056 32
1200 1056 32
1216 1056 32
1232 1056 32
1248 1056 32
1264 1056 32
1280 1056 32
1296 1056 32
1312 1056 32
1328 1056 32
1344 1056 32
1360 1056 32
1376 1056 32
1392 1056 32
1408 1056 32
1424 1056 32
1440 1056 32
1456 1056 32
1472 1056 32
1488 1056 32
1504 1056 32
1520 1056 32
1536 1056 32
1552 1056 32
1568 1056 32
1584 1056 32
1600 1056 32
1616 1056 32
1632 1056 32
1648 1056 32
1664 1056 32
1680 1056 32
1696 1056 32
1712 1056 32
1728 1056 32
1744 1056 32
1760 1056 32
1776 1056 32
1792 1056 32
512 1072 32
528 1072 32
544 1072 32
560 1072 32
576 1072 32
592 1072 32
608 1072 32
624 1072 32
640 1072 32
656 1072 32
672 1072 32
688 1072 32
704 1072 32
720 1072 32
736 1072 32
752 1072 32
768 1072 32
784 1072 32
800 1072 32
816 1072 32
832 1072 32
848 1072 32
864 1072 32
880 1072 32
896 1072 32
912 1072 32
928 1072 32
944 1072 32
960 1072 32
976 1072 32
992 1072 32
1008 1072 32
1024 1072 32
1040 1072 32
1056 1072 32
1072 1072 32
1088 1072 32
1104 1072 32
1120 1072 32
1136 1072 32
1152 1072 32
1168 1072 32
1184 1072 32
1200 1072 32
1216 1072 32
1232 1072 32
1248 1072 32
1264 1072 32
1280 1072 32
1296 1072 32
1312 1072 32
1328 1072 32
1344 1072 32
1360 1072 32
1376 1072 32
1392 1072 32
1408 1072 32
1424 1072 32
1440 1072 32
1456 1072 32
1472 1072 32
1488 1072 32
1504 1072 32
1520 1072 32
1536 1072 32
1552 1072 32
1568 1072 32
1584 1072 32
1600 1072 32
1616 1072 32
1632 1072 32
1648 1072 32
1664 1072 32
1680 1072 32
1696 1072 32
1712 1072 32
1728 1072 32
1744 1072 32
1760 1072 32
1776 1072 32
1792 1072 32
512 1088 32
528 1088 32
544 1088 32
560 1088 32
576 1088 32
592 1088 32
608 1088 32
624 1088 32
640 1088 32
656 1088 32
672 1088 32
688 1088 32
704 1088 32
720 1088 32
736 1088 32
752 1088 32
768 1088 32
784 1088 32
800 1088 32
816 1088 32
832 1088 32
848 1088 32
864 1088 32
880 1088 32
896 1088 32
912 1088 32
928 1088 32
944 1088 32
960 1088 32
976 1088 32
992 1088 32
1008 1088 32
1024 1088 32
1040 1088 32
1056 1088 32
1072 1088 32
1088 1088 32
1104 1088 32
1120 1088 32
1136 1088 32
1152 1088 32
1168 1088 32
1184 1088 32
1200 1088 32
1216 1088 32
1232 1088 32
1248 1088 32
1264 1088 32
1280 1088 32
1296 1088 32
1312 1088 32
1328 1088 32
1344 1088 32
1360 1088 32
1376 1088 32
1392 1088 32
1408 1088 32
1424 1088 32
1440 1088 32
1456 1088 32
1472 1088 32
1488 1088 32
1504 1088 32
1520 1088 32
1536 1088 32
1552 1088 32
1568 1088 32
1584 1088 32
1600 1088 32
1616 1088 32
1632 1088 32
1648 1088 32
1664 1088 32
1680 1088 32
1696 1088 32
1712 1088 32
1728 1088 32
1744 1088 32
1760 1088 32
1776 1088 32
1792 1088 32
512 1104 32
528 1104 32
544 1104 32
560 1104 32
576 1104 32
592 1104 32
608 1104 32
624 1104 32
640 1104 32
656 1104 32
672 1104 32
688 1104 32
704 1104 32
720 1104 32
736 1104 32
752 1104 32
768 1104 32
784 1104 32
800 1104 32
816 1104 32
832 1104 32
848 1104 32
864 1104 32
880 1104 32
896 1104 32
912 1104 32
928 1104 32
944 1104 32
960 1104 32
976 1104 32
992 1104 32
1008 1104 32
1024 1104 32
1040 1104 32
1056 1104 32
1072 1104 32
1088 1104 32
1104 1104 32
1120 1104 32
1136 1104 32
1152 1104 32
1168 1104 32
1184 1104 32
1200 1104 32
1216 1104 32
1232 1104 32
1248 1104 32
1264 1104 32
1280 1104 32
1296 1104 32
1312 1104 32
1328 1104 32
1344 1104 32
1360 1104 32
1376 1104 32
1392 1104 32
1408 1104 32
1424 1104 32
1440 1104 32
1456 1104 32
1472 1104 32
1488 1104 32
1504 1104 32
1520 1104 32
1536 1104 32
1552 1104 32
1568 1104 32
1584 1104 32
1600 1104 32
1616 1104 32
1632 1104 32
1648 1104 32
1664 1104 32
1680 1104 32
1696 1104 32
1712 1104 32
1728 1104 32
1744 1104 32
1760 1104 32
1776 1104 32
1792 1104 32
512 1120 32
528 1120 32
544 1120 32
560 1120 32
576 1120 32
592 1120 32
608 1120 32
624 1120 32
640 1120 32
656 1120 32
672 1120 32
688 1120 32
704 1120 32
720 1120 32
736 1120 32
752 1120 32
768 1120 32
784 1120 32
800 1120 32
816 1120 32
832 1120 32
848 1120 32
864 1120 32
880 1120 32
896 1120 32
912 1120 32
928 1120 32
944 1120 32
960 1120 32
976 1120 32
992 1120 32
1008 1120 32
1024 1120 32
1040 1120 32
1056 1120 32
1072 1120 32
1088 1120 32
1104 1120 32
1120 1120 32
1136 1120 32
1152 1120 32
1168 1120 32
1184 1120 32
1200 1120 32
1216 1120 32
1232 1120 32
1248 1120 32
1264 1120 32
1280 1120 32
1296 1120 32
1312 1120 32
1328 1120 32
1344 1120 32
1360 1120 32
1376 1120 32
1392 1120 32
1408 1120 32
1424 1120 32
1440 1120 32
1456 1120 32
1472 1120 32
1488 1120 32
1504 1120 32
1520 1120 32
1536 1120 32
1552 1120 32
1568 1120 32
1584 1120 32
1600 1120 32
1616 1120 32
1632 1120 32
1648 1120 32
1664 1120 32
1680 1120 32
1696 1120 32
1712 1120 32
1728 1120 32
1744 1120 32
1760 1120 32
1776 1120 32
1792 1120 32
512 1136 32
528 1136 32
544 1136 32
560 1136 32
576 1136 32
592 1136 32
608 1136 32
624 1136 32
640 1136 32
656 1136 32
672 1136 32
688 1136 32
704 1136 32
720 1136 32
736 1136 32
752 1136 32
768 1136 32
784 1136 32
800 1136 32
816 1136 32
832 1136 32
848 1136 32
864 1136 32
880 1136 32
896 1136 32
912 1136 32
928 1136 32
944 1136 32
960 1136 32
976 1136 32
992 1136 32
1008 1136 32
1024 1136 32
1040 1136 32
1056 1136 32
1072 1136 32
1088 1136 32
1104 1136 32
1120 1136 32
1136 1136 32
1152 1136 32
1168 1136 32
1184 1136 32
1200 1136 32
1216 1136 32
1232 1136 32
1248 1136 32
1264 1136 32
1280 1136 32
1296 1136 32
1312 1136 32
1328 1136 32
1344 1136 32
1360 1136 32
1376 1136 32
1392 1136 32
1408 1136 32
1424 1136 32
1440 1136 32
1456 1136 32
1472 1136 32
1488 1136 32
1504 1136 32
1520 1136 32
1536 1136 32
1552 1136 32
1568 1136 32
1584 1136 32
1600 1136 32
1616 1136 32
1632 1136 32
1648 1136 32
1664 1136 32
1680 1136 32
1696 1136 32
1712 1136 32
1728 1136 32
1744 1136 32
1760 1136 32
1776 1136 32
1792 1136 32
512 1152 32
528 1152 32
544 1152 32
560 1152 32
576 1152 32
592 1152 32
608 1152 32
624 1152 32
640 1152 32
656 1152 32
672 1152 32
688 1152 32
704 1152 32
720 1152 32
736 1152 32
752 1152 32
768 1152 32
784 1152 32
800 1152 32
816 1152 32
832 1152 32
848 1152 32
864 1152 32
880 1152 32
896 1152 32
912 1152 32
928 1152 32
944 1152 32
960 1152 32
976 1152 32
992 1152 32
1008 1152 32
1024 1152 32
1040 1152 32
1056 1152 32
1072 1152 32
1088 1152 32
1104 1152 32
1120 1152 32
1136 1152 32
1152 1152 32
1168 1152 32
1184 1152 32
1200 1152 32
1216 1152 32
1232 1152 32
1248 1152 32
1264 1152 32
1280 1152 32
1296 1152 32
1312 1152 32
1328 1152 32
1344 1152 32
1360 1152 32
1376 1152 32
1392 1152 32
1408 1152 32
1424 1152 32
1440 1152 32
1456 1152 32
1472 1152 32
1488 1152 32
1504 1152 32
1520 1152 32
1536 1152 32
1552 1152 32
1568 1152 32
1584 1152 32
1600 1152 32
1616 1152 32
1632 1152 32
1648 1152 32
1664 1152 32
1680 1152 32
1696 1152 32
1712 1152 32
1728 1152 32
1744 1152 32
1760 1152 32
1776 1152 32
1792 1152 32
512 1168 32
528 1168 32
544 1168 32
560 1168 32
576 1168 32
592 1168 32
608 1168 32
624 1168 32
640 1168 32
656 1168 32
672 1168 32
688 1168 32
704 1168 32
720 1168 32
736 1168 32
752 1168 32
768 1168 32
784 1168 32
800 1168 32
816 1168 32
832 1168 32
848 1168 32
864 1168 32
880 1168 32
896 1168 32
912 1168 32
928 1168 32
944 1168 32
960 1168 32
976 1168 32
992 1168 32
1008 1168 32
1024 1168 32
1040 1168 32
1056 1168 32
1072 1168 32
1088 1168 32
1104 1168 32
1120 1168 32
1136 1168 32
1152 1168 32
1168 1168 32
1184 1168 32
1200 1168 32
1216 1168 32
1232 1168 32
1248 1168 32
1264 1168 32
1280 1168 32
1296 1168 32
1312 1168 32
1328 1168 32
1344 1168 32
1360 1168 32
1376 1168 32
1392 1168 32
1408 1168 32
1424 1168 32
1440 1168 32
1456 1168 32
1472 1168 32
1488 1168 32
1504 1168 32
1520 1168 32
1536 1168 32
1552 1168 32
1568 1168 32
1584 1168 32
1600 1168 32
1616 1168 32
1632 1168 32
1648 1168 32
1664 1168 32
1680 1168 32
1696 1168 32
1712 1168 32
1728 1168 32
1744 1168 32
1760 1168 32
1776 1168 32
1792 1168 32
512 1184 32
528 1184 32
544 1184 32
560 1184 32
576 1184 32
592 1184 32
608 1184 32
624 1184 32
640 1184 32
656 1184 32
672 1184 32
688 1184 32
704 1184 32
720 1184 32
736 1184 32
752 1184 32
768 1184 32
784 1184 32
800 1184 32
816 1184 32
832 1184 32
848 1184 32
864 1184 32
880 1184 32
896 1184 32
912 1184 32
928 1184 32
944 1184 32
960 1184 32
976 1184 32
992 1184 32
1008 1184 32
1024 1184 32
1040 1184 32
1056 1184 32
1072 1184 32
1088 1184 32
1104 1184 32
1120 1184 32
1136 1184 32
1152 1184 32
1168 1184 32
1184 1184 32
1200 1184 32
1216 1184 32
1232 1184 32
1248 1184 32
1264 1184 32
1280 1184 32
1296 1184 32
1312 1184 32
1328 1184 32
1344 1184 32
1360 1184 32
1376 1184 32
1392 1184 32
1408 1184 32
1424 1184 32
1440 1184 32
1456 1184 32
1472 1184 32
1488 1184 32
1504 1184 32
1520 1184 32
1536 1184 32
1552 1184 32
1568 1184 32
1584 1184 32
1600 1184 32
1616 1184 32
1632 1184 32
1648 1184 32
1664 1184 32
1680 1184 32
1696 1184 32
1712 1184 32
1728 1184 32
1744 1184 32
1760 1184 32
1776 1184 32
1792 1184 32
512 1200 32
528 1200 32
544 1200 32
560 1200 32
576 1200 32
592 1200 32
608 1200 32
624 1200 32
640 1200 32
656 1200 32
672 1200 32
688 1200 32
704 1200 32
720 1200 32
736 1200 32
752 1200 32
768 1200 32
784 1200 32
800 1200 32
816 1200 32
832 1200 32
848 1200 32
864 1200 32
880 1200 32
896 1200 32
912 1200 32
928 1200 32
944 1200 32
960 1200 32
976 1200 32
992 1200 32
1008 1200 32
1024 1200 32
1040 1200 32
1056 1200 32
1072 1200 32
1088 1200 32
1104 1200 32
1120 1200 32
1136 1200 32
1152 1200 32
1168 1200 32
1184 1200 32
1200 1200 32
1216 1200 32
1232 1200 32
1248 1200 32
1264 1200 32
1280 1200 32
1296 1200 32
1312 1200 32
1328 1200 32
1344 1200 32
1360 1200 32
1376 1200 32
1392 1200 32
1408 1200 32
1424 1200 32
1440 1200 32
1456 1200 32
1472 1200 32
1488 1200 32
1504 1200 32
1520 1200 32
1536 1200 32
1552 1200 32
1568 1200 32
1584 1200 32
1600 1200 32
1616 1200 32
1632 1200 32
1648 1200 32
1664 1200 32
1680 1200 32
1696 1200 32
1712 1200 32
1728 1200 32
1744 1200 32
1760 1200 32
1776 1200 32
1792 1200 32
512 1216 32
528 1216 32
544 1216 32
560 1216 32
576 1216 32
592 1216 32
608 1216 32
624 1216 32
640 1216 32
656 1216 32
672 1216 32
688 1216 32
704 1216 32
720 1216 32
736 1216 32
752 1216 32
768 1216 32
784 1216 32
800 1216 32
816 1216 32
832 1216 32
848 1216 32
864 1216 32
880 1216 32
896 1216 32
912 1216 32
928 1216 32
944 1216 32
960 1216 32
976 1216 32
992 1216 32
1008 1216 32
1024 1216 32
1040 1216 32
1056 1216 32
1072 1216 32
1088 1216 32
1104 1216 32
1120 1216 32
1136 1216 32
1152 1216 32
1168 1216 32
1184 1216 32
1200 1216 32
1216 1216 32
1232 1216 32
1248 1216 32
1264 1216 32
1280 1216 32
1296 1216 32
1312 1216 32
1328 1216 32
1344 1216 32
1360 1216 32
1376 1216 32
1392 1216 32
1408 1216 32
1424 1216 32
1440 1216 32
1456 1216 32
1472 1216 32
1488 1216 32
1504 1216 32
1520 1216 32
1536 1216 32
1552 1216 32
1568 1216 32
1584 1216 32
1600 1216 32
1616 1216 32
1632 1216 32
1648 1216 32
1664 1216 32
1680 1216 32
1696 1216 32
1712 1216 32
1728 1216 32
1744 1216 32
1760 1216 32
1776 1216 32
1792 1216 32
512 1232 32
528 1232 32
544 1232 32
560 1232 32
576 1232 32
592 1232 32
608 1232 32
624 1232 32
640 1232 32
656 1232 32
672 1232 32
688 1232 32
704 1232 32
720 1232 32
736 1232 32
752 1232 32
768 1232 32
784 1232 32
800 1232 32
816 1232 32
832 1232 32
848 1232 32
864 1232 32
880 1232 32
896 1232 32
912 1232 32
928 1232 32
944 1232 32
960 1232 32
976 1232 32
992 1232 32
1008 1232 32
1024 1232 32
1040 1232 32
1056 1232 32
1072 1232 32
1088 1232 32
1104 1232 32
1120 1232 32
1136 1232 32
1152 1232 32
1168 1232 32
1184 1232 32
1200 1232 32
1216 1232 32
1232 1232 32
1248 1232 32
1264 1232 32
1280 1232 32
1296 1232 32
1312 1232 32
1328 1232 32
1344 1232 32
1360 1232 32
1376 1232 32
1392 1232 32
1408 1232 32
1424 1232 32
1440 1232 32
1456 1232 32
1472 1232 32
1488 1232 32
1504 1232 32
1520 1232 32
1536 1232 32
1552 1232 32
1568 1232 32
1584 1232 32
1600 1232 32
1616 1232 32
1632 1232 32
1648 1232 32
1664 1232 32
1680 1232 32
1696 1232 32
1712 1232 32
1728 1232 32
1744 1232 32
1760 1232 32
1776 1232 32
1792 1232 32
512 1248 32
528 1248 32
544 1248 32
560 1248 32
576 1248 32
592 1248 32
608 1248 32
624 1248 32
640 1248 32
656 1248 32
672 1248 32
688 1248 32
704 1248 32
720 1248 32
736 1248 32
752 1248 32
768 1248 32
784 1248 32
800 1248 32
816 1248 32
832 1248 32
848 1248 32
864 1248 32
880 1248 32
896 1248 32
912 1248 32
928 1248 32
944 1248 32
960 1248 32
976 1248 32
992 1248 32
1008 1248 32
1024 1248 32
1040 1248 32
1056 1248 32
1072 1248 32
1088 1248 32
1104 1248 32
1120 1248 32
1136 1248 32
1152 1248 32
1168 1248 32
1184 1248 32
1200 1248 32
1216 1248 32
1232 1248 32
1248 1248 32
1264 1248 32
1280 1248 32
1296 1248 32
1312 1248 32
1328 1248 32
1344 1248 32
1360 1248 32
1376 1248 32
1392 1248 32
1408 1248 32
1424 1248 32
1440 1248 32
1456 1248 32
1472 1248 32
1488 1248 32
1504 1248 32
1520 1248 32
1536 1248 32
1552 1248 32
1568 1248 32
1584 1248 32
1600 1248 32
1616 1248 32
1632 1248 32
1648 1248 32
1664 1248 32
1680 1248 32
1696 1248 32
1712 1248 32
1728 1248 32
1744 1248 32
1760 1248 32
1776 1248 32
1792 1248 32
512 1264 32
528 1264 32
544 1264 32
560 1264 32
576 1264 32
592 1264 32
608 1264 32
624 1264 32
640 1264 32
656 1264 32
672 1264 32
688 1264 32
704 1264 32
720 1264 32
736 1264 32
752 1264 32
768 1264 32
784 1264 32
800 1264 32
816 1264 32
832 1264 32
848 1264 32
864 1264 32
880 1264 32
896 1264 32
912 1264 32
928 1264 32
944 1264 32
960 1264 32
976 1264 32
992 1264 32
1008 1264 32
1024 1264 32
1040 1264 32
1056 1264 32
1072 1264 32
1088 1264 32
1104 1264 32
1120 1264 32
1136 1264 32
1152 1264 32
1168 1264 32
1184 1264 32
1200 1264 32
1216 1264 32
1232 1264 32
1248 1264 32
1264 1264 32
1280 1264 32
1296 1264 32
1312 1264 32
1328 1264 32
1344 1264 32
1360 1264 32
1376 1264 32
1392 1264 32
1408 1264 32
1424 1264 32
1440 1264 32
1456 1264 32
1472 1264 32
1488 1264 32
1504 1264 32
1520 1264 32
1536 1264 32
1552 1264 32
1568 1264 32
1584 1264 32
1600 1264 32
1616 1264 32
1632 1264 32
1648 1264 32
1664 1264 32
1680 1264 32
1696 1264 32
1712 1264 32
1728 1264 32
1744 1264 32
1760 1264 32
1776 1264 32
1792 1264 32
512 1280 32
528 1280 32
544 1280 32
560 1280 32
576 1280 32
592 1280 32
608 1280 32
624 1280 32
640 1280 32
656 1280 32
672 1280 32
688 1280 32
704 1280 32
720 1280 32
736 1280 32
752 1280 32
768 1280 32
784 1280 32
800 1280 32
816 1280 32
832 1280 32
848 1280 32
864 1280 32
880 1280 32
896 1280 32
912 1280 32
928 1280 32
944 1280 32
960 1280 32
976 1280 32
992 1280 32
1008 1280 32
1024 1280 32
1040 1280 32
1056 1280 32
1072 1280 32
1088 1280 32
1104 1280 32
1120 1280 32
1136 1280 32
1152 1280 32
1168 1280 32
1184 1280 32
1200 1280 32
1216 1280 32
1232 1280 32
1248 1280 32
1264 1280 32
1280 1280 32
1296 1280 32
1312 1280 32
1328 1280 32
1344 1280 32
1360 1280 32
1376 1280 32
1392 1280 32
1408 1280 32
1424 1280 32
1440 1280 32
1456 1280 32
1472 1280 32
1488 1280 32
1504 1280 32
1520 1280 32
1536 1280 32
1552 1280 32
1568 1280 32
1584 1280 32
1600 1280 32
1616 1280 32
1632 1280 32
1648 1280 32
1664 1280 32
1680 1280 32
1696 1280 32
1712 1280 32
1728 1280 32
1744 1280 32
1760 1280 32
1776 1280 32
1792 1280 32
512 1296 32
528 1296 32
544 1296 32
560 1296 32
576 1296 32
592 1296 32
608 1296 32
624 1296 32
640 1296 32
656 1296 32
672 1296 32
688 1296 32
704 1296 32
720 1296 32
736 1296 32
752 1296 32
768 1296 32
784 1296 32
800 1296 32
816 1296 32
832 1296 32
848 1296 32
864 1296 32
880 1296 32
896 1296 32
912 1296 32
928 1296 32
944 1296 32
960 1296 32
976 1296 32
992 1296 32
1008 1296 32
1024 1296 32
1040 1296 32
1056 1296 32
1072 1296 32
1088 1296 32
1104 1296 32
1120 1296 32
1136 1296 32
1152 1296 32
1168 1296 32
1184 1296 32
1200 1296 32
1216 1296 32
1232 1296 32
1248 1296 32
1264 1296 32
1280 1296 32
1296 1296 32
1312 1296 32
1328 1296 32
1344 1296 32
1360 1296 32
1376 1296 32
1392 1296 32
1408 1296 32
1424 1296 32
1440 1296 32
1456 1296 32
1472 1296 32
1488 1296 32
1504 1296 32
1520 1296 32
1536 1296 32
1552 1296 32
1568 1296 32
1584 1296 32
1600 1296 32
1616 1296 32
1632 1296 32
1648 1296 32
1664 1296 32
1680 1296 32
1696 1296 32
1712 1296 32
1728 1296 32
1744 1296 32
1760 1296 32
1776 1296 32
1792 1296 32
512 1312 32
528 1312 32
544 1312 32
560 1312 32
576 1312 32
592 1312 32
608 1312 32
624 1312 32
640 1312 32
656 1312 32
672 1312 32
688 1312 32
704 1312 32
720 1312 32
736 1312 32
752 1312 32
768 1312 32
784 1312 32
800 1312 32
816 1312 32
832 1312 32
848 1312 32
864 1312 32
880 1312 32
896 1312 32
912 1312 32
928 1312 32
944 1312 32
960 1312 32
976 1312 32
992 1312 32
1008 1312 32
1024 1312 32
1040 1312 32
1056 1312 32
1072 1312 32
1088 1312 32
1104 1312 32
1120 1312 32
1136 1312 32
1152 1312 32
1168 1312 32
1184 1312 32
1200 1312 32
1216 1312 32
1232 1312 32
1248 1312 32
1264 1312 32
1280 1312 32
1296 1312 32
1312 1312 32
1328 1312 32
1344 1312 32
1360 1312 32
1376 1312 32
1392 1312 32
1408 1312 32
1424 1312 32
1440 1312 32
1456 1312 32
1472 1312 32
1488 1312 32
1504 1312 32
1520 1312 32
1536 1312 32
1552 1312 32
1568 1312 32
1584 1312 32
1600 1312 32
1616 1312 32
1632 1312 32
1648 1312 32
1664 1312 32
1680 1312 32
1696 1312 32
1712 1312 32
1728 1312 32
1744 1312 32
1760 1312 32
1776 1312 32
1792 1312 32
512 1328 32
528 1328 32
544 1328 32
560 1328 32
576 1328 32
592 1328 32
608 1328 32
624 1328 32
640 1328 32
656 1328 32
672 1328 32
688 1328 32
704 1328 32
720 1328 32
736 1328 32
752 1328 32
768 1328 32
784 1328 32
800 1328 32
816 1328 32
832 1328 32
848 1328 32
864 1328 32
880 1328 32
896 1328 32
912 1328 32
928 1328 32
944 1328 32
960 1328 32
976 1328 32
992 1328 32
1008 1328 32
1024 1328 32
1040 1328 32
1056 1328 32
1072 1328 32
1088 1328 32
1104 1328 32
1120 1328 32
1136 1328 32
1152 1328 32
1168 1328 32
1184 1328 32
1200 1328 32
1216 1328 32
1232 1328 32
1248 1328 32
1264 1328 32
1280 1328 32
1296 1328 32
1312 1328 32
1328 1328 32
1344 1328 32
1360 1328 32
1376 1328 32
1392 1328 32
1408 1328 32
1424 1328 32
1440 1328 32
1456 1328 32
1472 1328 32
1488 1328 32
1504 1328 32
1520 1328 32
1536 1328 32
1552 1328 32
1568 1328 32
1584 1328 32
1600 1328 32
1616 1328 32
1632 1328 32
1648 1328 32
1664 1328 32
1680 1328 32
1696 1328 32
1712 1328 32
1728 1328 32
1744 1328 32
1760 1328 32
1776 1328 32
1792 1328 32
512 1344 32
528 1344 32
544 1344 32
560 1344 32
576 1344 32
592 1344 32
608 1344 32
624 1344 32
640 1344 32
656 1344 32
672 1344 32
688 1344 32
704 1344 32
720 1344 32
736 1344 32
752 1344 32
768 1344 32
784 1344 32
800 1344 32
816 1344 32
832 1344 32
848 1344 32
864 1344 32
880 1344 32
896 1344 32
912 1344 32
928 1344 32
944 1344 32
960 1344 32
976 1344 32
992 1344 32
1008 1344 32
1024 1344 32
1040 1344 32
1056 1344 32
1072 1344 32
1088 1344 32
1104 1344 32
1120 1344 32
1136 1344 32
1152 1344 32
1168 1344 32
1184 1344 32
1200 1344 32
1216 1344 32
1232 1344 32
1248 1344 32
1264 1344 32
1280 1344 32
1296 1344 32
1312 1344 32
1328 1344 32
1344 1344 32
1360 1344 32
1376 1344 32
1392 1344 32
1408 1344 32
1424 1344 32
1440 1344 32
1456 1344 32
1472 1344 32
1488 1344 32
1504 1344 32
1520 1344 32
1536 1344 32
1552 1344 32
1568 1344 32
1584 1344 32
1600 1344 32
1616 1344 32
1632 1344 32
1648 1344 32
1664 1344 32
1680 1344 32
1696 1344 32
1712 1344 32
1728 1344 32
1744 1344 32
1760 1344 32
1776 1344 32
1792 1344 32
512 1360 32
528 1360 32
544 1360 32
560 1360 32
576 1360 32
592 1360 32
608 1360 32
624 1360 32
640 1360 32
656 1360 32
672 1360 32
688 1360 32
704 1360 32
720 1360 32
736 1360 32
752 1360 32
768 1360 32
784 1360 32
800 1360 32
816 1360 32
832 1360 32
848 1360 32
864 1360 32
880 1360 32
896 1360 32
912 1360 32
928 1360 32
944 1360 32
960 1360 32
976 1360 32
992 1360 32
1008 1360 32
1024 1360 32
1040 1360 32
1056 1360 32
1072 1360 32
1088 1360 32
1104 1360 32
1120 1360 32
1136 1360 32
1152 1360 32
1168 1360 32
1184 1360 32
1200 1360 32
1216 1360 32
1232 1360 32
1248 1360 32
1264 1360 32
1280 1360 32
1296 1360 32
1312 1360 32
1328 1360 32
1344 1360 32
1360 1360 32
1376 1360 32
1392 1360 32
1408 1360 32
1424 1360 32
1440 1360 32
1456 1360 32
1472 1360 32
1488 1360 32
1504 1360 32
1520 1360 32
1536 1360 32
1552 1360 32
1568 1360 32
1584 1360 32
1600 1360 32
1616 1360 32
1632 1360 32
1648 1360 32
1664 1360 32
1680 1360 32
1696 1360 32
1712 1360 32
1728 1360 32
1744 1360 32
1760 1360 32
1776 1360 32
1792 1360 32
512 1376 32
528 1376 32
544 1376 32
560 1376 32
576 1376 32
592 1376 32
608 1376 32
624 1376 32
640 1376 32
656 1376 32
672 1376 32
688 1376 32
704 1376 32
720 1376 32
736 1376 32
752 1376 32
768 1376 32
784 1376 32
800 1376 32
816 1376 32
832 1376 32
848 1376 32
864 1376 32
880 1376 32
896 1376 32
912 1376 32
928 1376 32
944 1376 32
960 1376 32
976 1376 32
992 1376 32
1008 1376 32
1024 1376 32
1040 1376 32
1056 1376 32
1072 1376 32
1088 1376 32
1104 1376 32
1120 1376 32
1136 1376 32
1152 1376 32
1168 1376 32
1184 1376 32
1200 1376 32
1216 1376 32
1232 1376 32
1248 1376 32
1264 1376 32
1280 1376 32
1296 1376 32
1312 1376 32
1328 1376 32
1344 1376 32
1360 1376 32
1376 1376 32
1392 1376 32
1408 1376 32
1424 1376 32
1440 1376 32
1456 1376 32
1472 1376 32
1488 1376 32
1504 1376 32
1520 1376 32
1536 1376 32
1552 1376 32
1568 1376 32
1584 1376 32
1600 1376 32
1616 1376 32
1632 1376 32
1648 1376 32
1664 1376 32
1680 1376 32
1696 1376 32
1712 1376 32
1728 1376 32
1744 1376 32
1760 1376 32
1776 1376 32
1792 1376 32
512 1392 32
528 1392 32
544 1392 32
560 1392 32
576 1392 32
592 1392 32
608 1392 32
624 1392 32
640 1392 32
656 1392 32
672 1392 32
688 1392 32
704 1392 32
720 1392 32
736 1392 32
752 1392 32
768 1392 32
784 1392 32
800 1392 32
816 1392 32
832 1392 32
848 1392 32
864 1392 32
880 1392 32
896 1392 32
912 1392 32
928 1392 32
944 1392 32
960 1392 32
976 1392 32
992 1392 32
1008 1392 32
1024 1392 32
1040 1392 32
1056 1392 32
1072 1392 32
1088 1392 32
1104 1392 32
1120 1392 32
1136 1392 32
1152 1392 32
1168 1392 32
1184 1392 32
1200 1392 32
1216 1392 32
1232 1392 32
1248 1392 32
1264 1392 32
1280 1392 32
1296 1392 32
1312 1392 32
1328 1392 32
1344 1392 32
1360 1392 32
1376 1392 32
1392 1392 32
1408 1392 32
1424 1392 32
1440 1392 32
1456 1392 32
1472 1392 32
1488 1392 32
1504 1392 32
1520 1392 32
1536 1392 32
1552 1392 32
1568 1392 32
1584 1392 32
1600 1392 32
1616 1392 32
1632 1392 32
1648 1392 32
1664 1392 32
1680 1392 32
1696 1392 32
1712 1392 32
1728 1392 32
1744 1392 32
1760 1392 32
1776 1392 32
1792 1392 32
512 1408 32
528 1408 32
544 1408 32
560 1408 32
576 1408 32
592 1408 32
608 1408 32
624 1408 32
640 1408 32
656 1408 32
672 1408 32
688 1408 32
704 1408 32
720 1408 32
736 1408 32
752 1408 32
768 1408 32
784 1408 32
800 1408 32
816 1408 32
832 1408 32
848 1408 32
864 1408 32
880 1408 32
896 1408 32
912 1408 32
928 1408 32
944 1408 32
960 1408 32
976 1408 32
992 1408 32
1008 1408 32
1024 1408 32
1040 1408 32
1056 1408 32
1072 1408 32
1088 1408 32
1104 1408 32
1120 1408 32
1136 1408 32
1152 1408 32
1168 1408 32
1184 1408 32
1200 1408 32
1216 1408 32
1232 1408 32
1248 1408 32
1264 1408 32
1280 1408 32
1296 1408 32
1312 1408 32
1328 1408 32
1344 1408 32
1360 1408 32
1376 1408 32
1392 1408 32
1408 1408 32
1424 1408 32
1440 1408 32
1456 1408 32
1472 1408 32
1488 1408 32
1504 1408 32
1520 1408 32
1536 1408 32
1552 1408 32
1568 1408 32
1584 1408 32
1600 1408 32
1616 1408 32
1632 1408 32
1648 1408 32
1664 1408 32
1680 1408 32
1696 1408 32
1712 1408 32
1728 1408 32
1744 1408 32
1760 1408 32
1776 1408 32
1792 1408 32
512 1424 32
528 1424 32
544 1424 32
560 1424 32
576 1424 32
592 1424 32
608 1424 32
624 1424 32
640 1424 32
656 1424 32
672 1424 32
688 1424 32
704 1424 32
720 1424 32
736 1424 32
752 1424 32
768 1424 32
784 1424 32
800 1424 32
816 1424 32
832 1424 32
848 1424 32
864 1424 32
880 1424 32
896 1424 32
912 1424 32
928 1424 32
944 1424 32
960 1424 32
976 1424 32
992 1424 32
1008 1424 32
1024 1424 32
1040 1424 32
1056 1424 32
1072 1424 32
1088 1424 32
1104 1424 32
1120 1424 32
1136 1424 32
1152 1424 32
1168 1424 32
1184 1424 32
1200 1424 32
1216 1424 32
1232 1424 32
1248 1424 32
1264 1424 32
1280 1424 32
1296 1424 32
1312 1424 32
1328 1424 32
1344 1424 32
1360 1424 32
1376 1424 32
1392 1424 32
1408 1424 32
1424 1424 32
1440 1424 32
1456 1424 32
1472 1424 32
1488 1424 32
1504 1424 32
1520 1424 32
1536 1424 32
1552 1424 32
1568 1424 32
1584 1424 32
1600 1424 32
1616 1424 32
1632 1424 32
1648 1424 32
1664 1424 32
1680 1424 32
1696 1424 32
1712 1424 32
1728 1424 32
1744 1424 32
1760 1424 32
1776 1424 32
1792 1424 32
512 1440 32
528 1440 32
544 1440 32
560 1440 32
576 1440 32
592 1440 32
608 1440 32
624 1440 32
640 1440 32
656 1440 32
672 1440 32
688 1440 32
704 1440 32
720 1440 32
736 1440 32
752 1440 32
768 1440 32
784 1440 32
800 1440 32
816 1440 32
832 1440 32
848 1440 32
864 1440 32
880 1440 32
896 1440 32
912 1440 32
928 1440 32
944 1440 32
960 1440 32
976 1440 32
992 1440 32
1008 1440 32
1024 1440 32
1040 1440 32
1056 1440 32
1072 1440 32
1088 1440 32
1104 1440 32
1120 1440 32
1136 1440 32
1152 1440 32
1168 1440 32
1184 1440 32
1200 1440 32
1216 1440 32
1232 1440 32
1248 1440 32
1264 1440 32
1280 1440 32
1296 1440 32
1312 1440 32
1328 1440 32
1344 1440 32
1360 1440 32
1376 1440 32
1392 1440 32
1408 1440 32
1424 1440 32
1440 1440 32
1456 1440 32
1472 1440 32
1488 1440 32
1504 1440 32
1520 1440 32
1536 1440 32
1552 1440 32
1568 1440 32
1584 1440 32
1600 1440 32
1616 1440 32
1632 1440 32
1648 1440 32
1664 1440 32
1680 1440 32
1696 1440 32
1712 1440 32
1728 1440 32
1744 1440 32
1760 1440 32
1776 1440 32
1792 1440 32
512 1456 32
528 1456 32
544 1456 32
560 1456 32
576 1456 32
592 1456 32
608 1456 32
624 1456 32
640 1456 32
656 1456 32
672 1456 32
688 1456 32
704 1456 32
720 1456 32
736 1456 32
752 1456 32
768 1456 32
784 1456 32
800 1456 32
816 1456 32
832 1456 32
848 1456 32
864 1456 32
880 1456 32
896 1456 32
912 1456 32
928 1456 32
944 1456 32
960 1456 32
976 1456 32
992 1456 32
1008 1456 32
1024 1456 32
1040 1456 32
1056 1456 32
1072 1456 32
1088 1456 32
1104 1456 32
1120 1456 32
1136 1456 32
1152 1456 32
1168 1456 32
1184 1456 32
1200 1456 32
1216 1456 32
1232 1456 32
1248 1456 32
1264 1456 32
1280 1456 32
1296 1456 32
1312 1456 32
1328 1456 32
1344 1456 32
1360 1456 32
1376 1456 32
1392 1456 32
1408 1456 32
1424 1456 32
1440 1456 32
1456 1456 32
1472 1456 32
1488 1456 32
1504 1456 32
1520 1456 32
1536 1456 32
1552 1456 32
1568 1456 32
1584 1456 32
1600 1456 32
1616 1456 32
1632 1456 32
1648 1456 32
1664 1456 32
1680 1456 32
1696 1456 32
1712 1456 32
1728 1456 32
1744 1456 32
1760 1456 32
1776 1456 32
1792 1456 32
512 1472 32
528 1472 32
544 1472 32
560 1472 32
576 1472 32
592 1472 32
608 1472 32
624 1472 32
640 1472 32
656 1472 32
672 1472 32
688 1472 32
704 1472 32
720 1472 32
736 1472 32
752 1472 32
768 1472 32
784 1472 32
800 1472 32
816 1472 32
832 1472 32
848 1472 32
864 1472 32
880 1472 32
896 1472 32
912 1472 32
928 1472 32
944 1472 32
960 1472 32
976 1472 32
992 1472 32
1008 1472 32
1024 1472 32
1040 1472 32
1056 1472 32
1072 1472 32
1088 1472 32
1104 1472 32
1120 1472 32
1136 1472 32
1152 1472 32
1168 1472 32
1184 1472 32
1200 1472 32
1216 1472 32
1232 1472 32
1248 1472 32
1264 1472 32
1280 1472 32
1296 1472 32
1312 1472 32
1328 1472 32
1344 1472 32
1360 1472 32
1376 1472 32
1392 1472 32
1408 1472 32
1424 1472 32
1440 1472 32
1456 1472 32
1472 1472 32
1488 1472 32
1504 1472 32
1520 1472 32
1536 1472 32
1552 1472 32
1568 1472 32
1584 1472 32
1600 1472 32
1616 1472 32
1632 1472 32
1648 1472 32
1664 1472 32
1680 1472 32
1696 1472 32
1712 1472 32
1728 1472 32
1744 1472 32
1760 1472 32
1776 1472 32
1792 1472 32
512 1488 32
528 1488 32
544 1488 32
560 1488 32
576 1488 32
592 1488 32
608 1488 32
624 1488 32
640 1488 32
656 1488 32
672 1488 32
688 1488 32
704 1488 32
720 1488 32
736 1488 32
752 1488 32
768 1488 32
784 1488 32
800 1488 32
816 1488 32
832 1488 32
848 1488 32
864 1488 32
880 1488 32
896 1488 32
912 1488 32
928 1488 32
944 1488 32
960 1488 32
976 1488 32
992 1488 32
1008 1488 32
1024 1488 32
1040 1488 32
1056 1488 32
1072 1488 32
1088 1488 32
1104 1488 32
1120 1488 32
1136 1488 32
1152 1488 32
1168 1488 32
1184 1488 32
1200 1488 32
1216 1488 32
1232 1488 32
1248 1488 32
1264 1488 32
1280 1488 32
1296 1488 32
1312 1488 32
1328 1488 32
1344 1488 32
1360 1488 32
1376 1488 32
1392 1488 32
1408 1488 32
1424 1488 32
1440 1488 32
1456 1488 32
1472 1488 32
1488 1488 32
1504 1488 32
1520 1488 32
1536 1488 32
1552 1488 32
1568 1488 32
1584 1488 32
1600 1488 32
1616 1488 32
1632 1488 32
1648 1488 32
1664 1488 32
1680 1488 32
1696 1488 32
1712 1488 32
1728 1488 32
1744 1488 32
1760 1488 32
1776 1488 32
1792 1488 32
512 1504 32
528 1504 32
544 1504 32
560 1504 32
576 1504 32
592 1504 32
608 1504 32
624 1504 32
640 1504 32
656 1504 32
672 1504 32
688 1504 32
704 1504 32
720 1504 32
736 1504 32
752 1504 32
768 1504 32
784 1504 32
800 1504 32
816 1504 32
832 1504 32
848 1504 32
864 1504 32
880 1504 32
896 1504 32
912 1504 32
928 1504 32
944 1504 32
960 1504 32
976 1504 32
992 1504 32
1008 1504 32
1024 1504 32
1040 1504 32
1056 1504 32
1072 1504 32
1088 1504 32
1104 1504 32
1120 1504 32
1136 1504 32
1152 1504 32
1168 1504 32
1184 1504 32
1200 1504 32
1216 1504 32
1232 1504 32
1248 1504 32
1264 1504 32
1280 1504 32
1296 1504 32
1312 1504 32
1328 1504 32
1344 1504 32
1360 1504 32
1376 1504 32
1392 1504 32
1408 1504 32
1424 1504 32
1440 1504 32
1456 1504 32
1472 1504 32
1488 1504 32
1504 1504 32
1520 1504 32
1536 1504 32
1552 1504 32
1568 1504 32
1584 1504 32
1600 1504 32
1616 1504 32
1632 1504 32
1648 1504 32
1664 1504 32
1680 1504 32
1696 1504 32
1712 1504 32
1728 1504 32
1744 1504 32
1760 1504 32
1776 1504 32
1792 1504 32
512 1520 32
528 1520 32
544 1520 32
560 1520 32
576 1520 32
592 1520 32
608 1520 32
624 1520 32
640 1520 32
656 1520 32
672 1520 32
688 1520 32
704 1520 32
720 1520 32
736 1520 32
752 1520 32
768 1520 32
784 1520 32
800 1520 32
816 1520 32
832 1520 32
848 1520 32
864 1520 32
880 1520 32
896 1520 32
912 1520 32
928 1520 32
944 1520 32
960 1520 32
976 1520 32
992 1520 32
1008 1520 32
1024 1520 32
1040 1520 32
1056 1520 32
1072 1520 32
1088 1520 32
1104 1520 32
1120 1520 32
1136 1520 32
1152 1520 32
1168 1520 32
1184 1520 32
1200 1520 32
1216 1520 32
1232 1520 32
1248 1520 32
1264 1520 32
1280 1520 32
1296 1520 32
1312 1520 32
1328 1520 32
1344 1520 32
1360 1520 32
1376 1520 32
1392 1520 32
1408 1520 32
1424 1520 32
1440 1520 32
1456 1520 32
1472 1520 32
1488 1520 32
1504 1520 32
1520 1520 32
1536 1520 32
1552 1520 32
1568 1520 32
1584 1520 32
1600 1520 32
1616 1520 32
1632 1520 32
1648 1520 32
1664 1520 32
1680 1520 32
1696 1520 32
1712 1520 32
1728 1520 32
1744 1520 32
1760 1520 32
1776 1520 32
1792 1520 32
512 1536 32
528 1536 32
544 1536 32
560 1536 32
576 1536 32
592 1536 32
608 1536 32
624 1536 32
640 1536 32
656 1536 32
672 1536 32
688 1536 32
704 1536 32
720 1536 32
736 1536 32
752 1536 32
768 1536 32
784 1536 32
800 1536 32
816 1536 32
832 1536 32
848 1536 32
864 1536 32
880 1536 32
896 1536 32
912 1536 32
928 1536 32
944 1536 32
960 1536 32
976 1536 32
992 1536 32
1008 1536 32
1024 1536 32
1040 1536 32
1056 1536 32
1072 1536 32
1088 1536 32
1104 1536 32
1120 1536 32
1136 1536 32
1152 1536 32
1168 1536 32
1184 1536 32
1200 1536 32
1216 1536 32
1232 1536 32
1248 1536 32
1264 1536 32
1280 1536 32
1296 1536 32
1312 1536 32
1328 1536 32
1344 1536 32
1360 1536 32
1376 1536 32
1392 1536 32
1408 1536 32
1424 1536 32
1440 1536 32
1456 1536 32
1472 1536 32
1488 1536 32
1504 1536 32
1520 1536 32
1536 1536 32
1552 1536 32
1568 1536 32
1584 1536 32
1600 1536 32
1616 1536 32
1632 1536 32
1648 1536 32
1664 1536 32
1680 1536 32
1696 1536 32
1712 1536 32
1728 1536 32
1744 1536 32
1760 1536 32
1776 1536 32
1792 1536 32
512 1552 32
528 1552 32
544 1552 32
560 1552 32
576 1552 32
592 1552 32
608 1552 32
624 1552 32
640 1552 32
656 1552 32
672 1552 32
688 1552 32
704 1552 32
720 1552 32
736 1552 32
752 1552 32
768 1552 32
784 1552 32
800 1552 32
816 1552 32
832 1552 32
848 1552 32
864 1552 32
880 1552 32
896 1552 32
912 1552 32
928 1552 32
944 1552 32
960 1552 32
976 1552 32
992 1552 32
1008 1552 32
1024 1552 32
1040 1552 32
1056 1552 32
1072 1552 32
1088 1552 32
1104 1552 32
1120 1552 32
1136 1552 32
1152 1552 32
1168 1552 32
1184 1552 32
1200 1552 32
1216 1552 32
1232 1552 32
1248 1552 32
1264 1552 32
1280 1552 32
1296 1552 32
1312 1552 32
1328 1552 32
1344 1552 32
1360 1552 32
1376 1552 32
1392 1552 32
1408 1552 32
1424 1552 32
1440 1552 32
1456 1552 32
1472 1552 32
1488 1552 32
1504 1552 32
1520 1552 32
1536 1552 32
1552 1552 32
1568 1552 32
1584 1552 32
1600 1552 32
1616 1552 32
1632 1552 32
1648 1552 32
1664 1552 32
1680 1552 32
1696 1552 32
1712 1552 32
1728 1552 32
1744 1552 32
1760 1552 32
1776 1552 32
1792 1552 32
512 1568 32
528 1568 32
544 1568 32
560 1568 32
576 1568 32
592 1568 32
608 1568 32
624 1568 32
640 1568 32
656 1568 32
672 1568 32
688 1568 32
704 1568 32
720 1568 32
736 1568 32
752 1568 32
768 1568 32
784 1568 32
800 1568 32
816 1568 32
832 1568 32
848 1568 32
864 1568 32
880 1568 32
896 1568 32
912 1568 32
928 1568 32
944 1568 32
960 1568 32
976 1568 32
992 1568 32
1008 1568 32
1024 1568 32
1040 1568 32
1056 1568 32
1072 1568 32
1088 1568 32
1104 1568 32
1120 1568 32
1136 1568 32
1152 1568 32
1168 1568 32
1184 1568 32
1200 1568 32
1216 1568 32
1232 1568 32
1248 1568 32
1264 1568 32
1280 1568 32
1296 1568 32
1312 1568 32
1328 1568 32
1344 1568 32
1360 1568 32
1376 1568 32
1392 1568 32
1408 1568 32
1424 1568 32
1440 1568 32
1456 1568 32
1472 1568 32
1488 1568 32
1504 1568 32
1520 1568 32
1536 1568 32
1552 1568 32
1568 1568 32
1584 1568 32
1600 1568 32
1616 1568 32
1632 1568 32
1648 1568 32
1664 1568 32
1680 1568 32
1696 1568 32
1712 1568 32
1728 1568 32
1744 1568 32
1760 1568 32
1776 1568 32
1792 1568 32
512 1584 32
528 1584 32
544 1584 32
560 1584 32
576 1584 32
592 1584 32
608 1584 32
624 1584 32
640 1584 32
656 1584 32
672 1584 32
688 1584 32
704 1584 32
720 1584 32
736 1584 32
752 1584 32
768 1584 32
784 1584 32
800 1584 32
816 1584 32
832 1584 32
848 1584 32
864 1584 32
880 1584 32
896 1584 32
912 1584 32
928 1584 32
944 1584 32
960 1584 32
976 1584 32
992 1584 32
1008 1584 32
1024 1584 32
1040 1584 32
1056 1584 32
1072 1584 32
1088 1584 32
1104 1584 32
1120 1584 32
1136 1584 32
1152 1584 32
1168 1584 32
1184 1584 32
1200 1584 32
1216 1584 32
1232 1584 32
1248 1584 32
1264 1584 32
1280 1584 32
1296 1584 32
1312 1584 32
1328 1584 32
1344 1584 32
1360 1584 32
1376 1584 32
1392 1584 32
1408 1584 32
1424 1584 32
1440 1584 32
1456 1584 32
1472 1584 32
1488 1584 32
1504 1584 32
1520 1584 32
1536 1584 32
1552 1584 32
1568 1584 32
1584 1584 32
1600 1584 32
1616 1584 32
1632 1584 32
1648 1584 32
1664 1584 32
1680 1584 32
1696 1584 32
1712 1584 32
1728 1584 32
1744 1584 32
1760 1584 32
1776 1584 32
1792 1584 32
512 1600 32
528 1600 32
544 1600 32
560 1600 32
576 1600 32
592 1600 32
608 1600 32
624 1600 32
640 1600 32
656 1600 32
672 1600 32
688 1600 32
704 1600 32
720 1600 32
736 1600 32
752 1600 32
768 1600 32
784 1600 32
800 1600 32
816 1600 32
832 1600 32
848 1600 32
864 1600 32
880 1600 32
896 1600 32
912 1600 32
928 1600 32
944 1600 32
960 1600 32
976 1600 32
992 1600 32
1008 1600 32
1024 1600 32
1040 1600 32
1056 1600 32
1072 1600 32
1088 1600 32
1104 1600 32
1120 1600 32
1136 1600 32
1152 1600 32
1168 1600 32
1184 1600 32
1200 1600 32
1216 1600 32
1232 1600 32
1248 1600 32
1264 1600 32
1280 1600 32
1296 1600 32
1312 1600 32
1328 1600 32
1344 1600 32
1360 1600 32
1376 1600 32
1392 1600 32
1408 1600 32
1424 1600 32
1440 1600 32
1456 1600 32
1472 1600 32
1488 1600 32
1504 1600 32
1520 1600 32
1536 1600 32
1552 1600 32
1568 1600 32
1584 1600 32
1600 1600 32
1616 1600 32
1632 1600 32
1648 1600 32
1664 1600 32
1680 1600 32
1696 1600 32
1712 1600 32
1728 1600 32
1744 1600 32
1760 1600 32
1776 1600 32
1792 1600 32
512 1616 32
528 1616 32
544 1616 32
560 1616 32
576 1616 32
592 1616 32
608 1616 32
624 1616 32
640 1616 32
656 1616 32
672 1616 32
688 1616 32
704 1616 32
720 1616 32
736 1616 32
752 1616 32
768 1616 32
784 1616 32
800 1616 32
816 1616 32
832 1616 32
848 1616 32
864 1616 32
880 1616 32
896 1616 32
912 1616 32
928 1616 32
944 1616 32
960 1616 32
976 1616 32
992 1616 32
1008 1616 32
1024 1616 32
1040 1616 32
1056 1616 32
1072 1616 32
1088 1616 32
1104 1616 32
1120 1616 32
1136 1616 32
1152 1616 32
1168 1616 32
1184 1616 32
1200 1616 32
1216 1616 32
1232 1616 32
1248 1616 32
1264 1616 32
1280 1616 32
1296 1616 32
1312 1616 32
1328 1616 32
1344 1616 32
1360 1616 32
1376 1616 32
1392 1616 32
1408 1616 32
1424 1616 32
1440 1616 32
1456 1616 32
1472 1616 32
1488 1616 32
1504 1616 32
1520 1616 32
1536 1616 32
1552 1616 32
1568 1616 32
1584 1616 32
1600 1616 32
1616 1616 32
1632 1616 32
1648 1616 32
1664 1616 32
1680 1616 32
1696 1616 32
1712 1616 32
1728 1616 32
1744 1616 32
1760 1616 32
1776 1616 32
1792 1616 32
512 1632 32
528 1632 32
544 1632 32
560 1632 32
576 1632 32
592 1632 32
608 1632 32
624 1632 32
640 1632 32
656 1632 32
672 1632 32
688 1632 32
704 1632 32
720 1632 32
736 1632 32
752 1632 32
768 1632 32
784 1632 32
800 1632 32
816 1632 32
832 1632 32
848 1632 32
864 1632 32
880 1632 32
896 1632 32
912 1632 32
928 1632 32
944 1632 32
960 1632 32
976 1632 32
992 1632 32
1008 1632 32
1024 1632 32
1040 1632 32
1056 1632 32
1072 1632 32
1088 1632 32
1104 1632 32
1120 1632 32
1136 1632 32
1152 1632 32
1168 1632 32
1184 1632 32
1200 1632 32
1216 1632 32
1232 1632 32
1248 1632 32
1264 1632 32
1280 1632 32
1296 1632 32
1312 1632 32
1328 1632 32
1344 1632 32
1360 1632 32
1376 1632 32
1392 1632 32
1408 1632 32
1424 1632 32
1440 1632 32
1456 1632 32
1472 1632 32
1488 1632 32
1504 1632 32
1520 1632 32
1536 1632 32
1552 1632 32
1568 1632 32
1584 1632 32
1600 1632 32
1616 1632 32
1632 1632 32
1648 1632 32
1664 1632 32
1680 1632 32
1696 1632 32
1712 1632 32
1728 1632 32
1744 1632 32
1760 1632 32
1776 1632 32
1792 1632 32
512 1648 32
528 1648 32
544 1648 32
560 1648 32
576 1648 32
592 1648 32
608 1648 32
624 1648 32
640 1648 32
656 1648 32
672 1648 32
688 1648 32
704 1648 32
720 1648 32
736 1648 32
752 1648 32
768 1648 32
784 1648 32
800 1648 32
816 1648 32
832 1648 32
848 1648 32
864 1648 32
880 1648 32
896 1648 32
912 1648 32
928 1648 32
944 1648 32
960 1648 32
976 1648 32
992 1648 32
1008 1648 32
1024 1648 32
1040 1648 32
1056 1648 32
1072 1648 32
1088 1648 32
1104 1648 32
1120 1648 32
1136 1648 32
1152 1648 32
1168 1648 32
1184 1648 32
1200 1648 32
1216 1648 32
1232 1648 32
1248 1648 32
1264 1648 32
1280 1648 32
1296 1648 32
1312 1648 32
1328 1648 32
1344 1648 32
1360 1648 32
1376 1648 32
1392 1648 32
1408 1648 32
1424 1648 32
1440 1648 32
1456 1648 32
1472 1648 32
1488 1648 32
1504 1648 32
1520 1648 32
1536 1648 32
1552 1648 32
1568 1648 32
1584 1648 32
1600 1648 32
1616 1648 32
1632 1648 32
1648 1648 32
1664 1648 32
1680 1648 32
1696 1648 32
1712 1648 32
1728 1648 32
1744 1648 32
1760 1648 32
1776 1648 32
1792 1648 32
512 1664 32
528 1664 32
544 1664 32
560 1664 32
576 1664 32
592 1664 32
608 1664 32
624 1664 32
640 1664 32
656 1664 32
672 1664 32
688 1664 32
704 1664 32
720 1664 32
736 1664 32
752 1664 32
768 1664 32
784 1664 32
800 1664 32
816 1664 32
832 1664 32
848 1664 32
864 1664 32
880 1664 32
896 1664 32
912 1664 32
928 1664 32
944 1664 32
960 1664 32
976 1664 32
992 1664 32
1008 1664 32
1024 1664 32
1040 1664 32
1056 1664 32
1072 1664 32
1088 1664 32
1104 1664 32
1120 1664 32
1136 1664 32
1152 1664 32
1168 1664 32
1184 1664 32
1200 1664 32
1216 1664 32
1232 1664 32
1248 1664 32
1264 1664 32
1280 1664 32
1296 1664 32
1312 1664 32
1328 1664 32
1344 1664 32
1360 1664 32
1376 1664 32
1392 1664 32
1408 1664 32
1424 1664 32
1440 1664 32
1456 1664 32
1472 1664 32
1488 1664 32
1504 1664 32
1520 1664 32
1536 1664 32
1552 1664 32
1568 1664 32
1584 1664 32
1600 1664 32
1616 1664 32
1632 1664 32
1648 1664 32
1664 1664 32
1680 1664 32
1696 1664 32
1712 1664 32
1728 1664 32
1744 1664 32
1760 1664 32
1776 1664 32
1792 1664 32
512 1680 32
528 1680 32
544 1680 32
560 1680 32
576 1680 32
592 1680 32
608 1680 32
624 1680 32
640 1680 32
656 1680 32
672 1680 32
688 1680 32
704 1680 32
720 1680 32
736 1680 32
752 1680 32
768 1680 32
784 1680 32
800 1680 32
816 1680 32
832 1680 32
848 1680 32
864 1680 32
880 1680 32
896 1680 32
912 1680 32
928 1680 32
944 1680 32
960 1680 32
976 1680 32
992 1680 32
1008 1680 32
1024 1680 32
1040 1680 32
1056 1680 32
1072 1680 32
1088 1680 32
1104 1680 32
1120 1680 32
1136 1680 32
1152 1680 32
1168 1680 32
1184 1680 32
1200 1680 32
1216 1680 32
1232 1680 32
1248 1680 32
1264 1680 32
1280 1680 32
1296 1680 32
1312 1680 32
1328 1680 32
1344 1680 32
1360 1680 32
1376 1680 32
1392 1680 32
1408 1680 32
1424 1680 32
1440 1680 32
1456 1680 32
1472 1680 32
1488 1680 32
1504 1680 32
1520 1680 32
1536 1680 32
1552 1680 32
1568 1680 32
1584 1680 32
1600 1680 32
1616 1680 32
1632 1680 32
1648 1680 32
1664 1680 32
1680 1680 32
1696 1680 32
1712 1680 32
1728 1680 32
1744 1680 32
1760 1680 32
1776 1680 32
1792 1680 32
512 1696 32
528 1696 32
544 1696 32
560 1696 32
576 1696 32
592 1696 32
608 1696 32
624 1696 32
640 1696 32
656 1696 32
672 1696 32
688 1696 32
704 1696 32
720 1696 32
736 1696 32
752 1696 32
768 1696 32
784 1696 32
800 1696 32
816 1696 32
832 1696 32
848 1696 32
864 1696 32
880 1696 32
896 1696 32
912 1696 32
928 1696 32
944 1696 32
960 1696 32
976 1696 32
992 1696 32
1008 1696 32
1024 1696 32
1040 1696 32
1056 1696 32
1072 1696 32
1088 1696 32
1104 1696 32
1120 1696 32
1136 1696 32
1152 1696 32
1168 1696 32
1184 1696 32
1200 1696 32
1216 1696 32
1232 1696 32
1248 1696 32
1264 1696 32
1280 1696 32
1296 1696 32
1312 1696 32
1328 1696 32
1344 1696 32
1360 1696 32
1376 1696 32
1392 1696 32
1408 1696 32
1424 1696 32
1440 1696 32
1456 1696 32
1472 1696 32
1488 1696 32
1504 1696 32
1520 1696 32
1536 1696 32
1552 1696 32
1568 1696 32
1584 1696 32
1600 1696 32
1616 1696 32
1632 1696 32
1648 1696 32
1664 1696 32
1680 1696 32
1696 1696 32
1712 1696 32
1728 1696 32
1744 1696 32
1760 1696 32
1776 1696 32
1792 1696 32
512 1712 32
528 1712 32
544 1712 32
560 1712 32
576 1712 32
592 1712 32
608 1712 32
624 1712 32
640 1712 32
656 1712 32
672 1712 32
688 1712 32
704 1712 32
720 1712 32
736 1712 32
752 1712 32
768 1712 32
784 1712 32
800 1712 32
816 1712 32
832 1712 32
848 1712 32
864 1712 32
880 1712 32
896 1712 32
912 1712 32
928 1712 32
944 1712 32
960 1712 32
976 1712 32
992 1712 32
1008 1712 32
1024 1712 32
1040 1712 32
1056 1712 32
1072 1712 32
1088 1712 32
1104 1712 32
1120 1712 32
1136 1712 32
1152 1712 32
1168 1712 32
1184 1712 32
1200 1712 32
1216 1712 32
1232 1712 32
1248 1712 32
1264 1712 32
1280 1712 32
1296 1712 32
1312 1712 32
1328 1712 32
1344 1712 32
1360 1712 32
1376 1712 32
1392 1712 32
1408 1712 32
1424 1712 32
1440 1712 32
1456 1712 32
1472 1712 32
1488 1712 32
1504 1712 32
1520 1712 32
1536 1712 32
1552 1712 32
1568 1712 32
1584 1712 32
1600 1712 32
1616 1712 32
1632 1712 32
1648 1712 32
1664 1712 32
1680 1712 32
1696 1712 32
1712 1712 32
1728 1712 32
1744 1712 32
1760 1712 32
1776 1712 32
1792 1712 32
512 1728 32
528 1728 32
544 1728 32
560 1728 32
576 1728 32
592 1728 32
608 1728 32
624 1728 32
640 1728 32
656 1728 32
672 1728 32
688 1728 32
704 1728 32
720 1728 32
736 1728 32
752 1728 32
768 1728 32
784 1728 32
800 1728 32
816 1728 32
832 1728 32
848 1728 32
864 1728 32
880 1728 32
896 1728 32
912 1728 32
928 1728 32
944 1728 32
960 1728 32
976 1728 32
992 1728 32
1008 1728 32
1024 1728 32
1040 1728 32
1056 1728 32
1072 1728 32
1088 1728 32
1104 1728 32
1120 1728 32
1136 1728 32
1152 1728 32
1168 1728 32
1184 1728 32
1200 1728 32
1216 1728 32
1232 1728 32
1248 1728 32
1264 1728 32
1280 1728 32
1296 1728 32
1312 1728 32
1328 1728 32
1344 1728 32
1360 1728 32
1376 1728 32
1392 1728 32
1408 1728 32
1424 1728 32
1440 1728 32
1456 1728 32
1472 1728 32
1488 1728 32
1504 1728 32
1520 1728 32
1536 1728 32
1552 1728 32
1568 1728 32
1584 1728 32
1600 1728 32
1616 1728 32
1632 1728 32
1648 1728 32
1664 1728 32
1680 1728 32
1696 1728 32
1712 1728 32
1728 1728 32
1744 1728 32
1760 1728 32
1776 1728 32
1792 1728 32
512 1744 32
528 1744 32
544 1744 32
560 1744 32
576 1744 32
592 1744 32
608 1744 32
624 1744 32
640 1744 32
656 1744 32
672 1744 32
688 1744 32
704 1744 32
720 1744 32
736 1744 32
752 1744 32
768 1744 32
784 1744 32
800 1744 32
816 1744 32
832 1744 32
848 1744 32
864 1744 32
880 1744 32
896 1744 32
912 1744 32
928 1744 32
944 1744 32
960 1744 32
976 1744 32
992 1744 32
1008 1744 32
1024 1744 32
1040 1744 32
1056 1744 32
1072 1744 32
1088 1744 32
1104 1744 32
1120 1744 32
1136 1744 32
1152 1744 32
1168 1744 32
1184 1744 32
1200 1744 32
1216 1744 32
1232 1744 32
1248 1744 32
1264 1744 32
1280 1744 32
1296 1744 32
1312 1744 32
1328 1744 32
1344 1744 32
1360 1744 32
1376 1744 32
1392 1744 32
1408 1744 32
1424 1744 32
1440 1744 32
1456 1744 32
1472 1744 32
1488 1744 32
1504 1744 32
1520 1744 32
1536 1744 32
1552 1744 32
1568 1744 32
1584 1744 32
1600 1744 32
1616 1744 32
1632 1744 32
1648 1744 32
1664 1744 32
1680 1744 32
1696 1744 32
1712 1744 32
1728 1744 32
1744 1744 32
1760 1744 32
1776 1744 32
1792 1744 32
512 1760 32
528 1760 32
544 1760 32
560 1760 32
576 1760 32
592 1760 32
608 1760 32
624 1760 32
640 1760 32
656 1760 32
672 1760 32
688 1760 32
704 1760 32
720 1760 32
736 1760 32
752 1760 32
768 1760 32
784 1760 32
800 1760 32
816 1760 32
832 1760 32
848 1760 32
864 1760 32
880 1760 32
896 1760 32
912 1760 32
928 1760 32
944 1760 32
960 1760 32
976 1760 32
992 1760 32
1008 1760 32
1024 1760 32
1040 1760 32
1056 1760 32
1072 1760 32
1088 1760 32
1104 1760 32
1120 1760 32
1136 1760 32
1152 1760 32
1168 1760 32
1184 1760 32
1200 1760 32
1216 1760 32
1232 1760 32
1248 1760 32
1264 1760 32
1280 1760 32
1296 1760 32
1312 1760 32
1328 1760 32
1344 1760 32
1360 1760 32
1376 1760 32
1392 1760 32
1408 1760 32
1424 1760 32
1440 1760 32
1456 1760 32
1472 1760 32
1488 1760 32
1504 1760 32
1520 1760 32
1536 1760 32
1552 1760 32
1568 1760 32
1584 1760 32
1600 1760 32
1616 1760 32
1632 1760 32
1648 1760 32
1664 1760 32
1680 1760 32
1696 1760 32
1712 1760 32
1728 1760 32
1744 1760 32
1760 1760 32
1776 1760 32
1792 1760 32
512 1776 32
528 1776 32
544 1776 32
560 1776 32
576 1776 32
592 1776 32
608 1776 32
624 1776 32
640 1776 32
656 1776 32
672 1776 32
688 1776 32
704 1776 32
720 1776 32
736 1776 32
752 1776 32
768 1776 32
784 1776 32
800 1776 32
816 1776 32
832 1776 32
848 1776 32
864 1776 32
880 1776 32
896 1776 32
912 1776 32
928 1776 32
944 1776 32
960 1776 32
976 1776 32
992 1776 32
1008 1776 32
1024 1776 32
1040 1776 32
1056 1776 32
1072 1776 32
1088 1776 32
1104 1776 32
1120 1776 32
1136 1776 32
1152 1776 32
1168 1776 32
1184 1776 32
1200 1776 32
1216 1776 32
1232 1776 32
1248 1776 32
1264 1776 32
1280 1776 32
1296 1776 32
1312 1776 32
1328 1776 32
1344 1776 32
1360 1776 32
1376 1776 32
1392 1776 32
1408 1776 32
1424 1776 32
1440 1776 32
1456 1776 32
1472 1776 32
1488 1776 32
1504 1776 32
1520 1776 32
1536 1776 32
1552 1776 32
1568 1776 32
1584 1776 32
1600 1776 32
1616 1776 32
1632 1776 32
1648 1776 32
1664 1776 32
1680 1776 32
1696 1776 32
1712 1776 32
1728 1776 32
1744 1776 32
1760 1776 32
1776 1776 32
1792 1776 32
512 1792 32
528 1792 32
544 1792 32
560 1792 32
576 1792 32
592 1792 32
608 1792 32
624 1792 32
640 1792 32
656 1792 32
672 1792 32
688 1792 32
704 1792 32
720 1792 32
736 1792 32
752 1792 32
768 1792 32
784 1792 32
800 1792 32
816 1792 32
832 1792 32
848 1792 32
864 1792 32
880 1792 32
896 1792 32
912 1792 32
928 1792 32
944 1792 32
960 1792 32
976 1792 32
992 1792 32
1008 1792 32
1024 1792 32
1040 1792 32
1056 1792 32
1072 1792 32
1088 1792 32
1104 1792 32
1120 1792 32
1136 1792 32
1152 1792 32
1168 1792 32
1184 1792 32
1200 1792 32
1216 1792 32
1232 1792 32
1248 1792 32
1264 1792 32
1280 1792 32
1296 1792 32
1312 1792 32
1328 1792 32
1344 1792 32
1360 1792 32
1376 1792 32
1392 1792 32
1408 1792 32
1424 1792 32
1440 1792 32
1456 1792 32
1472 1792 32
1488 1792 32
1504 1792 32
1520 1792 32
1536 1792 32
1552 1792 32
1568 1792 32
1584 1792 32
1600 1792 32
1616 1792 32
1632 1792 32
1648 1792 32
1664 1792 32
1680 1792 32
1696 1792 32
1712 1792 32
1728 1792 32
1744 1792 32
1760 1792 32
1776 1792 32
1792 1792 32
